0 0.49944040290990493 0.3501016260162602 0.056519306099608285 0.13313008130081302
1 0.34471180749860103 0.350609756097561 0.07610520425293789 0.11178861788617887
0 0.3816452154448797 0.4984756097560976 0.05819809736989368 0.11483739837398375
1 0.7459429210968104 0.20020325203252035 0.06155567991046447 0.10975609756097562
0 0.16396194739787354 0.09908536585365854 0.04141018466703973 0.08841463414634147
1 0.28343592613318414 0.0894308943089431 0.08673754896474539 0.09146341463414635
1 0.8483491885842195 0.19664634146341464 0.06043648573027421 0.1046747967479675
0 0.6611639619473979 0.4969512195121952 0.041969781757134866 0.10569105691056911
1 0.7196418578623391 0.4913617886178862 0.06267487409065474 0.10264227642276424
1 0.452993844432009 0.9202235772357724 0.07890318970341355 0.1351626016260163
1 0.17935086737548966 0.902439024390244 0.0710688304420817 0.15243902439024393
1 0.7470621152770006 0.9283536585365855 0.063794068270845 0.13922764227642279
0 0.2411863458310017 0.7428861788617886 0.05036373810856184 0.13821138211382114
0 0.8231673195299385 0.7682926829268294 0.07386681589255736 0.1361788617886179
0 0.6253497481813095 0.20020325203252035 0.05540011191941802 0.10162601626016261
