0 0.26527415143603134 0.05521472392638037 0.03655352480417755 0.08128834355828221
0 0.3950391644908616 0.05253067484662577 0.0422976501305483 0.06978527607361963
0 0.5603133159268929 0.2618865030674847 0.045953002610966055 0.10199386503067485
0 0.3378590078328982 0.2511503067484663 0.04177545691906005 0.10659509202453989
0 0.24725848563968666 0.14570552147239263 0.04647519582245431 0.06901840490797546
0 0.66266318537859 0.3776840490797546 0.045953002610966055 0.11579754601226994
0 0.7926892950391645 0.27338957055214724 0.05535248041775457 0.10506134969325154
0 0.7261096605744125 0.2714723926380368 0.03080939947780679 0.10736196319018405
0 0.7890339425587467 0.16219325153374234 0.053263707571801565 0.10506134969325154
0 0.8577023498694517 0.1633435582822086 0.0422976501305483 0.11503067484662577
0 0.791644908616188 0.5371932515337423 0.045953002610966055 0.10966257668711657
0 0.7266318537859008 0.6618098159509203 0.044386422976501305 0.11042944785276074
0 0.5778067885117494 0.6575920245398773 0.0422976501305483 0.12346625766871167
0 0.5300261096605744 0.7917944785276074 0.03759791122715404 0.11579754601226994
0 0.6501305483028721 0.7956288343558282 0.03237597911227154 0.11733128834355828
0 0.8240208877284595 0.7998466257668712 0.04908616187989556 0.11349693251533742
0 0.5112271540469974 0.9275306748466258 0.042819843342036555 0.12039877300613497
0 0.3702349869451697 0.7875766871165645 0.03446475195822454 0.09662576687116564
0 0.22402088772845952 0.656058282208589 0.04490861618798955 0.10966257668711657
0 0.543864229765013 0.531058282208589 0.040208877284595296 0.11273006134969325
0 0.4879895561357702 0.1549079754601227 0.0422976501305483 0.10276073619631902
1 0.27780678851174934 0.5233895705521473 0.045953002610966055 0.10199386503067485
1 0.208355091383812 0.3477760736196319 0.05848563968668407 0.125
