0 0.22817460317460317 0.5268595041322314 0.04591836734693878 0.06887052341597796
0 0.23356009070294786 0.6215564738292011 0.035147392290249435 0.07506887052341599
0 0.4654195011337869 0.6256887052341598 0.035147392290249435 0.0709366391184573
0 0.6842403628117913 0.6291322314049587 0.04195011337868481 0.087465564738292
0 0.76218820861678 0.637741046831956 0.03344671201814059 0.0743801652892562
0 0.8293650793650794 0.6370523415977961 0.035147392290249435 0.06887052341597796
0 0.7517006802721089 0.5457988980716254 0.049886621315192746 0.06955922865013775
0 0.6998299319727891 0.7307162534435262 0.04705215419501134 0.08402203856749312
0 0.451530612244898 0.7255509641873279 0.043650793650793655 0.08884297520661158
0 0.25992063492063494 0.7238292011019284 0.040249433106575964 0.081267217630854
0 0.2071995464852608 0.7238292011019284 0.041383219954648526 0.07713498622589532
0 0.33956916099773243 0.8319559228650137 0.036281179138321996 0.08402203856749312
0 0.6218820861678005 0.953512396694215 0.026077097505668934 0.08333333333333334
0 0.5773809523809524 0.9597107438016529 0.03571428571428571 0.0778236914600551
0 0.2950680272108844 0.9480027548209367 0.04705215419501134 0.08333333333333334
0 0.21797052154195012 0.9473140495867769 0.03344671201814059 0.08333333333333334
0 0.14058956916099774 0.9486914600550964 0.03854875283446712 0.09297520661157024
0 0.4090136054421769 0.528236914600551 0.03798185941043084 0.07024793388429752
0 0.3511904761904762 0.3226584022038568 0.03344671201814059 0.05991735537190083
0 0.32454648526077096 0.24517906336088155 0.030045351473922902 0.046831955922865015
0 0.39654195011337867 0.2427685950413223 0.030045351473922902 0.05440771349862259
0 0.5068027210884354 0.24173553719008264 0.04308390022675737 0.05234159779614325
0 0.4433106575963719 0.09986225895316805 0.030612244897959183 0.049586776859504134
0 0.5824829931972789 0.10778236914600552 0.03798185941043084 0.048898071625344354
0 0.7528344671201814 0.03925619834710744 0.045351473922902494 0.05234159779614325
0 0.5895691609977325 0.03787878787878788 0.04195011337868481 0.05785123966942149
0 0.8256802721088435 0.11088154269972453 0.04478458049886622 0.05509641873278237
0 0.735827664399093 0.11501377410468319 0.04761904761904762 0.05096418732782369
0 0.8449546485260772 0.9514462809917356 0.043650793650793655 0.09435261707988982
0 0.21598639455782315 0.3209366391184573 0.035147392290249435 0.06060606060606061
0 0.4642857142857143 0.1690771349862259 0.024943310657596373 0.044765840220385676
1 0.5787981859410432 0.17389807162534435 0.05328798185941043 0.05578512396694215
1 0.6839569160997733 0.17940771349862258 0.07539682539682539 0.06267217630853994
1 0.8458049886621315 0.550275482093664 0.05555555555555556 0.07162534435261708
1 0.5640589569160998 0.7320936639118457 0.08503401360544217 0.08539944903581267
1 0.14795918367346939 0.8336776859504132 0.06349206349206349 0.09710743801652894
1 0.6748866213151927 0.8460743801652892 0.06405895691609978 0.08333333333333334
1 0.49178004535147396 0.8350550964187328 0.05272108843537415 0.08057851239669422
1 0.8066893424036281 0.8446969696969697 0.07029478458049887 0.09710743801652894
1 0.4447278911564626 0.9449035812672176 0.05272108843537415 0.09779614325068871
