1 0.26823204419889507 0.285673839184598 0.06464088397790056 0.05492638731596829
1 0.3781767955801105 0.28142695356738395 0.07569060773480664 0.05436013590033975
1 0.48729281767955807 0.2749150622876557 0.04972375690607735 0.05039637599093998
1 0.5903314917127073 0.2689694224235561 0.08895027624309393 0.05436013590033975
1 0.6074585635359117 0.20441676104190262 0.044751381215469614 0.047565118912797286
1 0.7616022099447515 0.20215175537938845 0.06243093922651934 0.055492638731596836
1 0.3707182320441989 0.14467723669309174 0.05856353591160222 0.04699886749716874
1 0.6591160220994475 0.08437146092865233 0.07624309392265194 0.039637599093997736
1 0.425414364640884 0.027746319365798418 0.05082872928176796 0.03737259343148358
1 0.6524861878453039 0.45809739524348814 0.06961325966850829 0.07021517553793885
1 0.4546961325966851 0.45922989807474524 0.09502762430939227 0.0679501698754247
1 0.1765193370165746 0.47225368063420164 0.07348066298342543 0.06455266138165346
1 0.26574585635359116 0.6398640996602492 0.08618784530386742 0.07134767836919592
1 0.4331491712707183 0.6373159682899208 0.1259668508287293 0.07870894677236694
1 0.6867403314917128 0.6305209513023783 0.10497237569060774 0.06738391845979616
1 0.5715469613259669 0.6347678369195924 0.08784530386740332 0.06908267270668177
1 0.839779005524862 0.6305209513023783 0.12044198895027625 0.06738391845979616
1 0.19917127071823207 0.7429218573046433 0.0712707182320442 0.07927519818799547
1 0.06270718232044199 0.7480181200453002 0.06464088397790056 0.06908267270668177
1 0.4842541436464089 0.7324462061155154 0.07900552486187847 0.07984144960362402
1 0.6232044198895028 0.7276330690826728 0.08066298342541436 0.07474518686296716
1 0.4345303867403315 0.8420158550396376 0.12099447513812156 0.08946772366930918
1 0.575414364640884 0.8355039637599094 0.09116022099447514 0.08890147225368064
1 0.8234806629834255 0.8267270668176671 0.07348066298342543 0.0883352208380521
1 0.6839779005524862 0.9464892412231031 0.06740331491712707 0.09003397508493771
1 0.8138121546961327 0.9416761041902605 0.16464088397790055 0.10192525481313704
1 0.1505524861878453 0.9532842582106456 0.11988950276243095 0.07870894677236694
1 0.13812154696132597 0.843431483578709 0.08287292817679559 0.07984144960362402
1 0.16933701657458564 0.554643261608154 0.061325966850828736 0.06625141562853908
1 0.35414364640883983 0.5498301245753114 0.1259668508287293 0.06115515288788222
1 0.5497237569060774 0.5453001132502832 0.09502762430939227 0.055492638731596836
1 0.6472375690607736 0.5455832389580975 0.07348066298342543 0.05039637599093998
1 0.8364640883977901 0.5370894677236694 0.08397790055248619 0.04813137032842582
1 0.6002762430939227 0.347678369195923 0.06906077348066299 0.05436013590033975
1 0.26988950276243096 0.3558890147225368 0.05359116022099448 0.05266138165345414
1 0.4149171270718232 0.954699886749717 0.09613259668508288 0.08607021517553795
1 0.5367403314917127 0.9541336353340883 0.0856353591160221 0.08493771234428087
1 0.7613259668508288 0.2686862967157418 0.06629834254143648 0.05039637599093998
0 0.6284530386740332 0.13901472253680636 0.03591160220994476 0.04813137032842582
0 0.7754143646408841 0.13873159682899208 0.049171270718232046 0.04190260475651189
0 0.6176795580110498 0.02491506228765572 0.04751381215469613 0.04530011325028313
0 0.45524861878453043 0.08380520951302378 0.027624309392265196 0.04077010192525481
0 0.20856353591160223 0.15147225368063422 0.046961325966850834 0.05492638731596829
0 0.17817679558011051 0.3527746319365799 0.04585635359116023 0.04416761041902605
0 0.09558011049723758 0.4714043035107588 0.027624309392265196 0.05039637599093998
0 0.12237569060773482 0.65118912797282 0.051381215469613266 0.072480181200453
