0 0.5208049113233287 0.6018172100481025 0.03342428376534789 0.11651523249599144
0 0.45702592087312416 0.7490646712987706 0.04638472032742155 0.12346338856226616
0 0.8910300136425648 0.7362373062533404 0.048772169167803546 0.12987707108498128
0 0.22902455661664392 0.9110101549973275 0.041950886766712145 0.12667022982362372
0 0.33066166439290584 0.9120791020844468 0.04604365620736699 0.12453233564938535
0 0.23209413369713505 0.611704970603955 0.04809004092769441 0.1031533939070016
0 0.36101637107776263 0.6095670764297166 0.07469304229195088 0.11491181186531266
0 0.4346862210095498 0.30438268305718863 0.04263301500682128 0.07963655799037947
0 0.57537517053206 0.30972741849278457 0.045020463847203276 0.07322287546766434
0 0.6696793997271487 0.21459112773917688 0.048772169167803546 0.08818813468733297
0 0.669849931787176 0.03687867450561197 0.03342428376534789 0.06627471940138963
0 0.6730900409276944 0.5954035275253875 0.08901773533424284 0.1272047033671833
0 0.4462824010914052 0.4676643506146445 0.044679399727148704 0.10582576162479956
0 0.7251023192360164 0.4623196151790486 0.03137789904502047 0.09727418492784606
1 0.5593451568894953 0.11731694281133083 0.059345156889495224 0.08070550507749866
1 0.5104024556616644 0.02993051843933725 0.05422919508867667 0.06092998396579369
1 0.7431787175989086 0.7399786210582575 0.09140518417462483 0.12667022982362372
1 0.621418826739427 0.7469267771245323 0.09822646657571624 0.11704970603955103
1 0.5300136425648022 0.902458578300374 0.07025920873124147 0.1117049706039551
1 0.7511937244201911 0.8981827899518973 0.07810368349249659 0.12667022982362372
1 0.8946111869031378 0.8848209513629075 0.07503410641200546 0.14377338321753072
1 0.8555593451568895 0.5916622127204703 0.11562073669849932 0.10475681453768038
