1 0.2576291079812207 0.26453055141579734 0.08098591549295775 0.07302533532041729
1 0.40082159624413144 0.2555886736214605 0.09507042253521127 0.07302533532041729
1 0.17370892018779344 0.47690014903129657 0.051643192488262914 0.08345752608047691
1 0.7265258215962441 0.47466467958271236 0.06572769953051644 0.09388971684053651
1 0.3380281690140845 0.8040238450074516 0.15492957746478875 0.11475409836065574
0 0.6115023474178404 0.9292101341281669 0.1431924882629108 0.10581222056631892
1 0.5129107981220657 0.17287630402384502 0.06103286384976526 0.07153502235469449
1 0.3034037558685446 0.18628912071535023 0.05046948356807512 0.06557377049180328
0 0.357981220657277 0.48062593144560356 0.03990610328638498 0.06706408345752608
0 0.3755868544600939 0.5752608047690015 0.056338028169014086 0.08047690014903129
0 0.4794600938967136 0.7995529061102832 0.045774647887323945 0.09388971684053651
0 0.6889671361502347 0.8099850968703428 0.05868544600938967 0.10283159463487332
0 0.8967136150234742 0.8092399403874814 0.06572769953051644 0.11028315946348734
