0 0.26620689655172414 0.4459084604715673 0.03862068965517241 0.059639389736477116
0 0.43034482758620685 0.37309292649098474 0.03310344827586206 0.0638002773925104
0 0.6082758620689654 0.268377253814147 0.041379310344827586 0.056865464632454926
0 0.546206896551724 0.6095700416088766 0.0496551724137931 0.06796116504854369
0 0.30344827586206896 0.60748959778086 0.044137931034482755 0.07212205270457697
0 0.2206896551724138 0.9396671289875174 0.08551724137931034 0.10402219140083219
0 0.06068965517241379 0.9431345353675451 0.0993103448275862 0.10818307905686547
0 0.7868965517241379 0.09431345353675451 0.05655172413793103 0.05547850208044383
0 0.7041379310344827 0.6123439667128988 0.04827586206896552 0.07905686546463246
0 0.8006896551724138 0.6061026352288489 0.051034482758620686 0.07212205270457697
0 0.72 0.789875173370319 0.05517241379310345 0.07073509015256588
0 0.8179310344827586 0.7947295423023578 0.041379310344827586 0.08044382801664356
0 0.8779310344827586 0.7884882108183079 0.04275862068965517 0.09292649098474341
0 0.856551724137931 0.949375866851595 0.05517241379310345 0.09292649098474341
1 0.72 0.9396671289875174 0.08827586206896551 0.11234396671289876
0 0.9158620689655171 0.9500693481276006 0.046896551724137925 0.08599167822468794
0 0.6448275862068965 0.6969486823855756 0.08137931034482758 0.07350901525658807
0 0.47931034482758617 0.6900138696255201 0.09517241379310344 0.06796116504854369
0 0.456551724137931 0.6040221914008322 0.08827586206896551 0.06796116504854369
0 0.3793103448275862 0.14147018030513175 0.13517241379310344 0.047156726768377254
0 0.3751724137931034 0.08737864077669903 0.09103448275862068 0.044382801664355064
0 0.2793103448275862 0.03952843273231623 0.07310344827586206 0.04576976421636616
0 0.506896551724138 0.09223300970873786 0.10620689655172413 0.03744798890429959
0 0.653103448275862 0.0957004160887656 0.10620689655172413 0.033287101248266296
