0 0.45574288724973655 0.18322802986789202 0.04531085353003161 0.04709936817920735
0 0.6064278187565858 0.1746122917863297 0.06533192834562697 0.056289488799540495
0 0.5922023182297155 0.3862722573233774 0.06533192834562697 0.0752441125789776
0 0.6496311907270811 0.3948879954049397 0.023182297154899893 0.06031016657093624
0 0.8061116965226554 0.39574956921309595 0.052687038988408846 0.06892590465249857
0 0.7992623814541622 0.5353245261344055 0.053740779768177024 0.08271108558299828
0 0.5782402528977871 0.6229178632969558 0.05637513171759747 0.06950028719126938
0 0.4728661749209694 0.6272257323377369 0.05848261327713382 0.08041355542791499
0 0.3543203371970495 0.6234922458357266 0.07955742887249737 0.07983917288914417
0 0.2334035827186512 0.6384261918437679 0.06427818756585879 0.07409534750143595
0 0.560063224446786 0.7194141298104538 0.06427818756585879 0.08788052843193567
0 0.7784510010537408 0.7179781734635268 0.06585879873551106 0.09304997128087306
0 0.7420969441517387 0.8265364732912119 0.03530031612223393 0.09534750143595636
0 0.8804004214963118 0.8360137851809305 0.04214963119072708 0.09477311889718552
0 0.6043203371970495 0.8276852383687536 0.06322444678609061 0.09075244112578978
0 0.2579030558482613 0.8285468121769098 0.09009483667017913 0.09477311889718552
0 0.23551106427818755 0.18954623779437105 0.06322444678609061 0.04939689833429064
0 0.6767650158061117 0.035898908673176334 0.03740779768177028 0.0511200459506031
0 0.547945205479452 0.2389431361286617 0.04214963119072708 0.056289488799540495
1 0.4855110642781875 0.8268236645605974 0.06796628029504741 0.08558299827685238
1 0.4965753424657534 0.11171740379092476 0.08904109589041095 0.04767375071797818
