1 0.3546475358702433 0.5963345864661653 0.12289457267623206 0.07988721804511278
0 0.5717404865876482 0.5747180451127819 0.15782907049282596 0.09116541353383459
0 0.7386150966936993 0.5742481203007519 0.11603243917654397 0.09022556390977443
0 0.8480973175296319 0.5723684210526315 0.0842170929507174 0.08270676691729323
0 0.6915159076731129 0.45441729323308266 0.09669369931378664 0.05921052631578947
0 0.49937616968184656 0.46240601503759393 0.12414223331253899 0.07518796992481203
0 0.2800998128509046 0.4755639097744361 0.09482220835932627 0.07142857142857142
0 0.14660012476606363 0.4896616541353383 0.11478477854023705 0.08082706766917293
0 0.2626325639426076 0.3684210526315789 0.09482220835932627 0.07894736842105263
0 0.39706799750467875 0.3594924812030075 0.08671241422333126 0.08552631578947367
0 0.5159076731129133 0.3505639097744361 0.10854647535870243 0.08458646616541353
0 0.698378041172801 0.12781954887218044 0.0941983780411728 0.08270676691729323
0 0.5770430442919526 0.1306390977443609 0.10979413599500935 0.07518796992481203
0 0.4017467248908297 0.14050751879699247 0.13973799126637554 0.06672932330827067
0 0.5898315658140986 0.03994360902255639 0.1091703056768559 -0.06484962406015038
0 0.2557704304429195 0.047462406015037595 0.08983156581409857 -0.07048872180451127
0 0.19089207735495944 0.8092105263157894 0.13849033063006863 0.12593984962406013
0 0.5433562071116657 0.9224624060150376 0.1684341859014348 0.11936090225563908
