1 0.5649448345035105 0.32697642163661583 0.08776328986960882 0.0839112343966713
1 0.7422266800401204 0.22399445214979197 0.10030090270812438 0.07766990291262137
1 0.6572216649949849 0.13869625520110956 0.08676028084252758 0.08737864077669903
1 0.2958876629889669 0.13869625520110956 0.07823470411233702 0.07489597780859918
1 0.6915747241725175 0.03848821081830791 0.0802407221664995 -0.05894590846047157
1 0.4307923771313942 0.035020804438280165 0.07622868605817452 -0.0478502080443828
1 0.4934804413239719 0.6588072122052705 0.06920762286860582 0.11650485436893204
1 0.633901705115346 0.6536061026352289 0.10330992978936811 0.1144244105409154
0 0.34578736208625876 0.6667822468793343 0.09378134403209629 0.11165048543689321
1 0.3407723169508526 0.2354368932038835 0.06469408224674023 0.06588072122052704
0 0.6158475426278837 0.9282246879334258 0.15245737211634905 0.1407766990291262
0 0.18054162487462388 0.8228155339805825 0.05115346038114343 0.11858529819694869
0 0.1351554663991976 0.9455617198335645 0.057673019057171516 0.09778085991678225
0 0.18706118355065196 0.44486823855755897 0.044132397191574725 0.07420249653259363
0 0.25852557673019055 0.4407073509015257 0.033600802407221665 0.07142857142857142
0 0.3688565697091274 0.4368932038834952 0.07071213640922769 0.08321775312066575
0 0.5639418254764292 0.43169209431345357 0.054663991975927785 0.08668515950069348
0 0.6737713139418254 0.5395284327323162 0.06469408224674023 0.09847434119278779
0 0.6659979939819458 0.32038834951456313 0.0641925777331996 0.08321775312066575
