1 0.5533449934411894 0.8065491183879093 0.16134674245736774 0.11889168765743073
1 0.8170091823349366 0.8198992443324937 0.11499781372977701 0.11335012594458438
1 0.41582859641451686 0.9350125944584382 0.10668998688237867 0.10478589420654912
0 0.2455181460428509 0.8012594458438287 0.09925666812418014 0.11838790931989925
0 0.14888500218627024 0.8042821158690177 0.09575863576738085 0.11435768261964735
0 0.8069523393091387 0.6806045340050377 0.11674682990817666 0.10377833753148615
0 0.795146480104941 0.23249370277078085 0.11499781372977701 0.07204030226700252
0 0.5063401836466987 0.3105793450881612 0.08919982509838216 0.09219143576826196
0 0.6141233056405772 0.3337531486146096 0.0765194578049847 0.10327455919395466
0 0.6757761259291649 0.32267002518891685 0.05290773939658942 0.08110831234256927
0 0.5255793616090949 0.5644836272040302 0.05859204197638828 0.08816120906801007
0 0.910362920857018 0.690176322418136 0.0664626147791867 0.12090680100755667
0 0.8434630520332314 0.9382871536523929 0.08395277656318322 0.1052896725440806
0 0.16724967205946656 0.31863979848866497 0.07389593353738522 0.08513853904282116
0 0.29230432881504154 0.3090680100755667 0.05990380411018802 0.09319899244332494
