1 0.22416576964477936 0.3025870406189555 0.10602798708288483 0.09356866537717602
1 0.7584320057409402 0.2846953578336557 0.16056691783279514 0.0892166344294004
1 0.49524578399712954 0.41138781431334626 0.11463939720129172 0.113394584139265
1 0.17151058485827056 0.6495406189555126 0.10226049515608182 0.11677949709864603
1 0.2657875852170793 0.6495406189555126 0.06010046645138142 0.1124274661508704
1 0.5782203085755293 0.6385396518375241 0.07176175098672408 0.1218568665377176
1 0.6894510226049516 0.6316489361702128 0.08503767491926803 0.1312862669245648
1 0.5127377108001435 0.9196083172147002 0.08898457122353785 0.14821083172147
1 0.8040904198062433 0.7787717601547389 0.10836024398995336 0.1165377176015474
1 0.32588805166846074 0.18060928433268858 0.08665231431646933 0.0788201160541586
1 0.5899712952996053 0.1764990328820116 0.09992823824901328 0.0913926499032882
1 0.5700574094007894 0.06395067698259188 0.09275206315034087 0.10420696324951643
1 0.8052565482597775 0.052949709864603484 0.09203444564047364 0.086073500967118
1 0.340778614998206 0.07495164410058028 0.10531036957301759 0.08413926499032882
1 0.432005740940079 0.06298355899419729 0.05848582705418012 0.0892166344294004
1 0.3075888051668461 0.7897727272727273 0.11715105848582706 0.13660541586073502
0 0.5310369573017582 0.7882011605415861 0.09113742375313959 0.14603481624758222
0 0.42258701112307145 0.6432543520309478 0.0880875493362038 0.125
0 0.8067814854682455 0.6279013539651838 0.07642626480086115 0.1450676982591876
