1 0.21185064935064934 0.3678571428571429 0.07521645021645022 0.12142857142857144
1 0.43722943722943725 0.2035714285714286 0.06168831168831169 0.12551020408163266
1 0.5662878787878788 0.2056122448979592 0.07413419913419914 0.11734693877551021
1 0.7564935064935064 0.2035714285714286 0.10606060606060606 0.11938775510204083
1 0.8106060606060606 0.05561224489795919 0.07900432900432901 0.10918367346938776
1 0.6653138528138528 0.06020408163265307 0.07196969696969698 0.10816326530612246
1 0.5186688311688312 0.05918367346938776 0.05032467532467533 0.11020408163265308
1 0.3300865800865801 0.06224489795918368 0.06818181818181818 0.10816326530612246
1 0.2600108225108225 0.5520408163265307 0.08062770562770563 0.1326530612244898
1 0.509469696969697 0.5668367346938776 0.09686147186147186 0.14591836734693878
1 0.7288961038961039 0.5867346938775511 0.06601731601731602 0.1306122448979592
1 0.4991883116883117 0.7321428571428572 0.10443722943722944 0.15816326530612246
1 0.351461038961039 0.729591836734694 0.061147186147186144 0.14285714285714288
1 0.19832251082251082 0.7198979591836735 0.09253246753246754 0.1479591836734694
1 0.27976190476190477 0.9010204081632653 0.12337662337662338 0.15306122448979592
0 0.8552489177489178 0.3602040816326531 0.05248917748917749 0.13877551020408163
0 0.6482683982683982 0.7392857142857143 0.045454545454545456 0.14183673469387756
0 0.7884199134199135 0.9244897959183674 0.0367965367965368 0.1469387755102041
