0 0.49714768645679275 0.41789137380191693 0.04817240650750053 0.2172523961661342
0 0.37999154870061275 0.8370607028753994 0.08007606169448553 0.3194888178913738
0 0.212550179590112 0.4207667731629393 0.0819776040566237 0.24984025559105433
0 0.5884217198394253 0.40798722044728436 0.04225649693640397 0.2319488817891374
0 0.6953306570885274 0.12651757188498403 0.039721107120219735 0.2185303514376997
1 0.4968307627297697 0.834185303514377 0.08979505598985844 0.29456869009584663
1 0.6683921402915698 0.8399361022364218 0.07416015212338897 0.3060702875399361
1 0.7259666173674203 0.38977635782747605 0.08704838368899219 0.28115015974440893
0 0.404289034439045 0.13322683706070287 0.04796112402281851 0.21661341853035143
0 0.36646946968096344 0.42747603833865816 0.08007606169448553 0.23642172523961663
