1 0.44235364396654714 0.1714898177920686 0.07108721624850657 0.09860664523043944
1 0.34587813620071683 0.05412647374062165 0.07885304659498207 0.08681672025723472
1 0.516726403823178 0.04608788853161844 0.08004778972520908 0.08788853161843516
1 0.16756272401433692 0.18542336548767416 0.06630824372759857 0.09860664523043944
1 0.578853046594982 0.29260450160771706 0.06571087216248506 0.10718113612004287
1 0.7213261648745519 0.684887459807074 0.09498207885304659 0.16291532690246516
1 0.5743727598566308 0.8890675241157556 0.09020310633213859 0.1682743837084673
0 0.6881720430107526 0.1602357984994641 0.04659498207885304 0.09539121114683816
0 0.3399044205495818 0.17416934619506966 0.04540023894862604 0.10182207931404073
0 0.22431302270011946 0.05412647374062165 0.044802867383512544 0.09539121114683816
