1 0.503000545553737 0.07015985790408526 0.08728859792689579 0.108348134991119
1 0.7861429350791053 0.06838365896980463 0.05782869612656846 0.1261101243339254
1 0.2902345881069285 0.08570159857904086 0.10801963993453355 0.11989342806394317
1 0.22204037097654117 0.22557726465364122 0.09274413529732678 0.11190053285968028
1 0.4290780141843971 0.35923623445825936 0.09438079650845607 0.12877442273534637
1 0.823786142935079 0.3672291296625222 0.10692853246044734 0.130550621669627
1 0.21385706492089468 0.5168738898756661 0.11347517730496454 0.13676731793960925
0 0.5267321331151118 0.5266429840142096 0.0867430441898527 0.15452930728241562
0 0.7866884888161483 0.5208703374777975 0.07637752318603382 0.14653641207815277
0 0.3349699945444626 0.7602131438721137 0.05128205128205128 0.13676731793960925
0 0.18003273322422256 0.7238010657193606 0.07855973813420622 0.15808170515097691
0 0.11320240043644297 0.8725577264653641 0.06164757228587015 0.15008880994671403
0 0.864975450081833 0.7198046181172292 0.06492089470812874 0.1483126110124334
0 0.5701036552100381 0.3627886323268206 0.05455537370430987 0.12166962699822381
0 0.6672122204037098 0.36367673179396093 0.061102018548827054 0.12344582593250444
