1 0.458040064970222 0.31666666666666665 0.06713589604764483 0.1062015503875969
1 0.7214401732539253 0.32868217054263565 0.11965349214943151 0.11007751937984496
1 0.6437466161342719 0.4441860465116279 0.06280454791553872 0.09457364341085271
1 0.5468327016783974 0.43023255813953487 0.06280454791553872 0.10077519379844961
1 0.39415268002165676 0.43023255813953487 0.08987547374120196 0.08992248062015504
1 0.31835408770979967 0.6585271317829458 0.12560909583107743 0.10465116279069767
1 0.43936112615051437 0.7872093023255814 0.07958852192744992 0.1124031007751938
1 0.5695722793719545 0.12364341085271317 0.08879263670817543 0.07519379844961241
1 0.6410395235517055 0.033720930232558136 0.06172171088251219 0.06279069767441861
1 0.7850568489442339 0.03062015503875969 0.13427179209528967 0.06279069767441861
1 0.44098538170005414 0.036821705426356585 0.07958852192744992 0.06589147286821706
1 0.21440173253925285 0.05310077519379845 0.04114780725500812 0.06899224806201551
1 0.7888467785598268 0.22441860465116278 0.07904710341093665 0.09224806201550387
1 0.2330806713589605 0.4383720930232558 0.05793178126691933 0.0937984496124031
0 0.650243638332431 0.6534883720930232 0.04006497022198159 0.12558139534883722
0 0.7420140768814294 0.7848837209302325 0.04710341093665404 0.1310077519379845
0 0.33676231727125067 0.9170542635658915 0.056307525717379535 0.11162790697674418
0 0.3427179209528966 0.1248062015503876 0.033567948023822416 0.07751937984496124
1 0.5684894423389281 0.03527131782945736 0.04656199242014077 0.06589147286821706
