0 0.13041154462854088 0.05972558514931396 0.03955104222340994 0.09685230024213075
0 0.25334045964724744 0.060936238902340595 0.051309460181721 0.10250201775625505
0 0.2966328166755745 0.05770782889426957 0.03313735970069481 0.10088781275221953
0 0.3409941207910208 0.05932203389830508 0.026723677177979688 0.10411622276029055
1 0.5235168359166221 0.056093623890234055 0.07856761090326028 0.10411622276029055
1 0.6127739176910743 0.052461662631154156 0.07001603420630678 0.10492332526230831
1 0.7592196686264029 0.055286521388216305 0.04436130411544628 0.10734463276836158
0 0.8572955638695884 0.05649717514124294 0.04382683057188669 0.10653753026634383
0 0.11277391769107428 0.18765133171912832 0.049171566007482626 0.12994350282485875
1 0.2490646712987707 0.1896690879741727 0.06948156066274719 0.11783696529459241
1 0.4518973810796365 0.18603712671509282 0.05718866916087653 0.10250201775625505
0 0.18252271512560125 0.3333333333333333 0.04970603955104222 0.11783696529459241
0 0.28781400320684125 0.3309120258272801 0.03794762159273116 0.12590799031476996
0 0.4452164617851416 0.3224374495560936 0.04382683057188669 0.1234866828087167
0 0.6523249599144841 0.31517352703793383 0.051843933725280594 0.11702986279257466
0 0.06680919294494922 0.5367231638418078 0.03741314804917156 0.14366424535916061
1 0.22902191341528594 0.5435835351089588 0.06574024585783003 0.1493139628732849
0 0.3738642437199358 0.5407586763518967 0.03687867450561197 0.13236481033091202
0 0.5505077498663815 0.552865213882163 0.04810261892036344 0.14205004035512508
0 0.7581507215392838 0.5839386602098466 0.03794762159273116 0.14285714285714285
0 0.22634954569748794 0.7074253430185633 0.05077498663816141 0.162227602905569
0 0.49518973810796363 0.7025827280064568 0.056119722073757344 0.14769975786924938
0 0.6635489043292356 0.718321226795803 0.04222340994120791 0.13882163034705408
1 0.8214858364510956 0.744955609362389 0.06948156066274719 0.1565778853914447
0 0.1790486370924639 0.8793381759483454 0.04810261892036344 0.162227602905569
0 0.3500801710315339 0.8623890234059726 0.07589524318546231 0.1638418079096045
0 0.46739711384286475 0.8728813559322034 0.04436130411544628 0.1767554479418886
0 0.628808123997862 0.8813559322033898 0.05077498663816141 0.16303470540758674
0 0.7533404596472474 0.8958837772397094 0.04222340994120791 0.16464891041162227
0 0.8474078033137359 0.893866020984665 0.043292357028327094 0.15254237288135591
0 0.9361304115446285 0.9011299435028248 0.04649919828968466 0.15415657788539144
