0 0.13749309773605745 0.07388939256572982 0.03754831584759802 0.12964641885766093
1 0.5709552733296522 0.06391659111514053 0.09828823854224186 0.12239347234814144
0 0.7849254555494203 0.06482320942883046 0.04251794588625069 0.11876699909338169
0 0.0861402540033131 0.4029918404351768 0.05080066261733849 0.14052583862194015
1 0.38818332413031476 0.3825929283771532 0.07620099392600774 0.1414324569356301
1 0.4955825510767532 0.38213961922030826 0.0612921038100497 0.1387126019945603
0 0.6228602981778024 0.36899365367180414 0.04307012700165655 0.12692656391659113
0 0.7015461071231365 0.3612873980054397 0.05577029265599117 0.13689936536718042
0 0.7609055770292656 0.3671804170444243 0.040861402540033134 0.13961922030825022
1 0.8567090005521812 0.3472348141432457 0.08779679734953065 0.1559383499546691
1 0.5392048591938157 0.542611060743427 0.15405853119823304 0.13689936536718042
0 0.05411374930977361 0.7552130553037172 0.06073992269464385 0.15049864007252947
0 0.48233020430701273 0.7234814143245694 0.057979017117614585 0.1541251133272892
1 0.6686913307564882 0.713961922030825 0.10160132523467698 0.15321849501359927
0 0.8807288790723358 0.6971894832275612 0.07288790723357262 0.1541251133272892
1 0.2915516289342905 0.9174977334542158 0.12921038100496965 0.15775158658204896
0 0.7810601877415793 0.9088848594741614 0.08448371065709553 0.1786038077969175
