0 0.23754448398576514 0.05298913043478261 0.07295373665480427 0.10869565217391304
0 0.3629893238434164 0.05298913043478261 0.04151838671411626 0.09782608695652173
1 0.46144721233689207 0.05230978260869565 0.07236061684460261 0.09918478260869565
1 0.5198695136417557 0.057744565217391304 0.0302491103202847 0.10733695652173912
1 0.6524317912218268 0.05502717391304348 0.06880189798339265 0.11005434782608696
0 0.22864768683274023 0.2248641304347826 0.05871886120996442 0.18614130434782608
0 0.34193357058125745 0.21739130434782608 0.059905100830367736 0.18206521739130435
0 0.515717674970344 0.21195652173913043 0.051601423487544484 0.16576086956521738
0 0.765717674970344 0.22214673913043478 0.05338078291814947 0.15353260869565216
0 0.9092526690391459 0.2391304347826087 0.03558718861209965 0.15489130434782608
1 0.18861209964412812 0.43478260869565216 0.0604982206405694 0.15489130434782608
0 0.3276986951364176 0.41983695652173914 0.0468564650059312 0.16847826086956522
0 0.5091933570581257 0.421195652173913 0.05516014234875445 0.15217391304347827
0 0.788552787663108 0.4313858695652174 0.0634638196915777 0.1644021739130435
0 0.18030842230130487 0.6447010869565217 0.08066429418742586 0.18342391304347824
0 0.35972716488730727 0.6460597826086957 0.05871886120996442 0.18342391304347824
0 0.5272835112692764 0.6324728260869565 0.04744958481613286 0.20244565217391303
1 0.7935943060498222 0.6528532608695652 0.08896797153024912 0.18070652173913043
0 0.152135231316726 0.8940217391304348 0.062277580071174385 0.20652173913043478
1 0.2775800711743772 0.8865489130434783 0.10557532621589562 0.20516304347826086
1 0.44157769869513647 0.8858695652173912 0.11684460260972718 0.22010869565217392
1 0.6011269276393832 0.889266304347826 0.07888493475682089 0.19972826086956522
1 0.7505931198102017 0.8885869565217391 0.08600237247924081 0.20108695652173914
0 0.8979833926453145 0.8879076086956521 0.05219454329774615 0.21875
