1 0.34357848518111966 0.1615186615186615 0.05159165751920966 0.05276705276705276
1 0.3229967069154775 0.23616473616473616 0.05653128430296378 0.060489060489060484
1 0.4080680570801317 0.23455598455598456 0.04665203073545555 0.0546975546975547
1 0.5513172338090011 0.6174388674388674 0.0729967069154775 0.08043758043758044
1 0.32848518111964875 0.618082368082368 0.05653128430296378 0.08558558558558559
1 0.2639956092206367 0.7146074646074646 0.07903402854006586 0.09716859716859716
1 0.5010976948408342 0.7107464607464608 0.11196487376509331 0.08944658944658944
1 0.7403951701427004 0.7178249678249679 0.07683863885839737 0.10102960102960103
1 0.6254116355653129 0.8227155727155727 0.09275521405049397 0.0933075933075933
1 0.43496158068057084 0.9459459459459459 0.11361141602634468 0.10424710424710425
1 0.2505488474204171 0.5119047619047619 0.06311745334796927 0.074002574002574
1 0.7272228320526893 0.5215572715572715 0.0845225027442371 0.0933075933075933
1 0.3562019758507135 0.3030888030888031 0.09659714599341383 0.06306306306306306
1 0.4662458836443469 0.3063063063063063 0.06750823271130627 0.056628056628056624
1 0.6525795828759605 0.3008365508365508 0.13830954994511527 0.06113256113256113
1 0.25768386388583975 0.09588159588159588 0.11909989023051593 0.05791505791505791
1 0.5397914379802415 0.03507078507078507 0.04445664105378705 0.04826254826254826
1 0.4308452250274424 0.02927927927927928 0.052689352360043906 0.04954954954954955
1 0.7077387486278814 0.032175032175032175 0.06311745334796927 0.0489060489060489
1 0.6287047200878156 0.09362934362934362 0.05872667398463227 0.043114543114543116
1 0.5285400658616904 0.09652509652509653 0.04720087815587267 0.0489060489060489
1 0.19484083424807905 0.31209781209781207 0.07903402854006586 0.0682110682110682
1 0.7749725576289792 0.6187258687258687 0.06695938529088913 0.07786357786357787
0 0.18551042810098795 0.4305019305019305 0.03951701427003293 0.08108108108108107
