1 0.1693498452012384 0.15679824561403508 0.06625386996904026 0.1995614035087719
1 0.28761609907120744 0.1644736842105263 0.04272445820433437 0.17982456140350878
0 0.41393188854489166 0.14473684210526316 0.03777089783281734 0.24122807017543857
1 0.5860681114551084 0.14364035087719298 0.051393188854489166 0.20394736842105263
1 0.6752321981424149 0.1644736842105263 0.04396284829721363 0.2149122807017544
1 0.7944272445820434 0.17763157894736842 0.08544891640866874 0.17982456140350878
1 0.1609907120743034 0.4539473684210526 0.0520123839009288 0.24561403508771928
1 0.3588235294117647 0.4473684210526315 0.053869969040247684 0.23684210526315788
1 0.5554179566563467 0.45175438596491224 0.11021671826625387 0.25
1 0.7482972136222911 0.46271929824561403 0.02910216718266254 0.25
1 0.8436532507739939 0.8278508771929824 0.1455108359133127 0.26973684210526316
