0 0.14983277591973243 0.13617318435754192 0.0588628762541806 0.17737430167597765
1 0.3294314381270903 0.1340782122905028 0.08494983277591973 0.1787709497206704
1 0.5528428093645484 0.09217877094972067 0.07157190635451505 0.18435754189944134
0 0.4080267558528428 0.354050279329609 0.046822742474916385 0.17458100558659218
1 0.6822742474916388 0.3372905027932961 0.08428093645484949 0.16899441340782123
1 0.908695652173913 0.3226256983240224 0.07157190635451505 0.15921787709497207
0 0.4280936454849498 0.6103351955307262 0.04147157190635451 0.20670391061452514
0 0.27959866220735785 0.8959497206703911 0.05484949832775919 0.19134078212290503
0 0.3585284280936455 0.8910614525139665 0.046822742474916385 0.2011173184357542
0 0.4397993311036789 0.875 0.055518394648829426 0.2304469273743017
0 0.5023411371237458 0.880586592178771 0.034782608695652174 0.1941340782122905
0 0.5585284280936454 0.8715083798882682 0.04013377926421405 0.20391061452513967
0 0.6608695652173913 0.8833798882681565 0.03612040133779264 0.16620111731843576
1 0.7284280936454849 0.8896648044692738 0.05752508361204013 0.17318435754189945
0 0.8856187290969899 0.8456703910614526 0.049498327759197325 0.18296089385474862
