1 0.3132214060860441 0.1543550165380375 0.07030430220356769 0.05402425578831312
1 0.42444910807974817 0.15049614112458656 0.07135362014690451 0.04851157662624035
1 0.6101783840503673 0.10005512679162074 0.08604407135362015 0.05237045203969129
1 0.3339454354669465 0.03197353914002205 0.05823714585519413 0.04851157662624035
1 0.2098635886673662 0.3814773980154355 0.06925498426023086 0.04851157662624035
1 0.2127492130115425 0.24310915104740904 0.06558237145855195 0.06174200661521499
1 0.6319517313746065 0.6132855567805954 0.09601259181532004 0.06119073869900772
1 0.5414480587618048 0.840683572216097 0.12906610703043023 0.09812568908489526
1 0.43651626442812175 0.74090407938258 0.07345225603357818 0.08710033076074973
1 0.24055613850996851 0.5314222712238148 0.09286463798530956 0.07166482910694598
1 0.6290661070304302 0.5369349503858876 0.07240293809024134 0.07276736493936053
1 0.3113850996852046 0.3820286659316428 0.05823714585519413 0.05622932745314223
1 0.42602308499475344 0.38450937155457554 0.05036726128016789 0.06560088202866593
1 0.7187827911857293 0.15931642778390298 0.07345225603357818 0.0474090407938258
1 0.6875655823714586 0.2566152149944873 0.06033578174186779 0.046857772877618525
1 0.5102308499475341 0.24614112458654908 0.040398740818468 0.04906284454244763
0 0.40293809024134314 0.3111907386990077 0.0472193074501574 0.043550165380374865
0 0.6369359916054564 0.32855567805953695 0.04302203567681007 0.05512679162072767
0 0.5409233997901364 0.3850606394707828 0.03882476390346275 0.06229327453142227
0 0.4514690451206716 0.532800441014333 0.047743966421825816 0.0689084895259096
0 0.39637985309548796 0.5294928335170893 0.026757607555089193 0.06670341786108049
0 0.48530954879328436 0.6132855567805954 0.05246589716684155 0.06339581036383683
0 0.7374081846799581 0.6229327453142227 0.04564533053515215 0.05733186328555678
0 0.728488982161595 0.5385887541345094 0.06138509968520462 0.06945975744211687
0 0.5747639034627492 0.2549614112458655 0.026757607555089193 0.050165380374862185
0 0.4855718782791186 0.0961962513781698 0.04669464847848898 0.044652701212789414
0 0.47665267576075554 0.03307607497243661 0.03305351521511018 0.04299889746416759
0 0.5354144805876181 0.034178610804851156 0.027806925498426022 0.05292171995589857
0 0.6710388247639035 0.044928335170893056 0.033578174186778595 0.05237045203969129
0 0.4060860440713536 0.09316427783902977 0.05246589716684155 0.05953693495038589
0 0.5710912906610703 0.16041896361631752 0.037250786988457504 0.04961411245865491
0 0.6873032528856243 0.9443219404630651 0.06820566631689402 0.0948180815876516
0 0.33630640083945434 0.9385336273428887 0.06925498426023086 0.10418963616317531
