1 0.2712382009994448 0.12836079791847355 0.05052748473070517 0.09540329575021682
0 0.5283176013325931 0.11751951431049436 0.01610216546363132 0.09106678230702515
1 0.7695724597445864 0.12055507372072853 0.11215991116046642 0.08673026886383348
1 0.6274292059966686 0.2818733738074588 0.05885619100499723 0.1023417172593235
1 0.711271515824542 0.27710320901994795 0.07329261521377013 0.08933217692974849
1 0.8339811215991116 0.27276669557675626 0.04775124930594115 0.0875975715524718
1 0.908106607440311 0.27970511708586293 0.0405330372015547 0.08065915004336513
1 0.14131038312048863 0.42888117953165655 0.06274292059966685 0.0875975715524718
1 0.2595780122154359 0.43104943625325237 0.048306496390893953 0.09019947961838681
0 0.4144919489172682 0.41587163920208153 0.03275957801221544 0.07718993928881179
1 0.7909494725152694 0.39375542064180397 0.05941143808995003 0.09540329575021682
1 0.09883398112159912 0.5589765828274067 0.05330372015546919 0.10667823070251517
1 0.17684619655746808 0.5472679965307893 0.04275402554136591 0.12662619254119686
0 0.47556912826207665 0.53122289679098 0.04275402554136591 0.11361665221162186
0 0.36785119378123265 0.5424978317432784 0.047196002220988346 0.1101474414570685
1 0.15852304275402557 0.6934084995663486 0.0549694614103276 0.10841283607979184
1 0.36868406440866186 0.6799653078924545 0.05330372015546919 0.12142237640936686
0 0.2690172126596336 0.6921075455333912 0.02609661299278179 0.11101474414570685
1 0.5116601887840089 0.681266261925412 0.05052748473070517 0.1049436253252385
1 0.6043864519711272 0.6756287944492627 0.07606885063853415 0.10407632263660017
1 0.7418101054969463 0.6621856027753685 0.05219322598556358 0.11188204683434519
1 0.2576346474181011 0.8417172593235038 0.04441976679622432 0.11535125758889853
1 0.48445308162132156 0.8169991326973113 0.0549694614103276 0.12142237640936686
1 0.417823431426985 0.8317432784041631 0.041643531371460304 0.13183000867302688
1 0.44697390338700727 0.9605377276669558 0.06996113270405331 0.07198612315698179
1 0.6810105496946142 0.9531656548135299 0.09272626318711828 0.08326105810928014
1 0.7992781787895614 0.9509973980919341 0.09050527484730705 0.0823937554206418
