1 0.18593314763231197 0.22591743119266056 0.057103064066852366 0.10779816513761468
1 0.27924791086350975 0.22706422018348627 0.0766016713091922 0.11009174311926606
1 0.3983286908077994 0.2213302752293578 0.08635097493036212 0.11238532110091744
1 0.5278551532033426 0.2144495412844037 0.1309192200557103 0.10779816513761468
1 0.7513927576601671 0.19495412844036697 0.07381615598885793 0.11009174311926606
1 0.20543175487465182 0.3876146788990826 0.09331476323119778 0.11926605504587157
0 0.34818941504178275 0.37270642201834864 0.06128133704735376 0.11238532110091744
1 0.5863509749303621 0.3532110091743119 0.0947075208913649 0.12385321100917432
0 0.7221448467966574 0.35206422018348627 0.06545961002785515 0.11697247706422019
0 0.9596100278551533 0.3394495412844037 0.07242339832869081 0.14678899082568808
1 0.10584958217270195 0.5642201834862386 0.14206128133704735 0.13761467889908258
1 0.34958217270194986 0.5389908256880734 0.17548746518105848 0.16055045871559634
1 0.6678272980501393 0.5217889908256881 0.08774373259052924 0.15825688073394495
1 0.8426183844011143 0.5103211009174312 0.15041782729805014 0.16284403669724773
1 0.36908077994428967 0.7339449541284404 0.07799442896935933 0.14678899082568808
0 0.5383008356545961 0.724770642201835 0.054317548746518104 0.14220183486238533
1 0.8523676880222841 0.6972477064220184 0.1615598885793872 0.14678899082568808
1 0.36908077994428967 0.923165137614679 0.08356545961002786 0.14449541284403672
1 0.7896935933147632 0.911697247706422 0.15041782729805014 0.16743119266055045
