1 0.23744242158368065 0.09722823733217843 0.0594428602763764 0.13988739714161974
0 0.29162096951085764 0.10740580337808575 0.033559991226146085 0.12213079255088782
1 0.3640052643123492 0.11585101775660459 0.07216494845360825 0.12862711130359464
1 0.5436499232287783 0.1277609354699004 0.1388462382101338 0.11693373754872238
1 0.17843825400307087 0.2546556951061065 0.08708050010967318 0.14118666089216111
1 0.3923009431892959 0.2674317886530966 0.07479710462820795 0.1390212213079255
1 0.11713094976968634 0.4042875703767865 0.05220443079622725 0.12256388046773495
1 0.20300504496600133 0.4112169770463404 0.0225926738319807 0.12343005630142918
1 0.28043430576880896 0.4138155045474231 0.04321123053301163 0.13122563880467736
1 0.6594647949111647 0.4456474664356864 0.06075893836367625 0.12906019922044173
1 0.5943189295898224 0.5983109571242962 0.051546391752577324 0.13122563880467736
1 0.6997148497477518 0.608705067128627 0.05483658697082694 0.13382416630576005
1 0.22296556262338232 0.9125162407968818 0.08971265628427287 0.16024252923343438
1 0.45810484755428826 0.9265915980944132 0.04364992322877825 0.14508445214378518
1 0.5780872998464576 0.929623213512343 0.058126782189076555 0.13122563880467736
0 0.8376837025663523 0.9309224772628844 0.11274402281202019 0.13642269380684277
