1 0.21277495769881555 0.07142857142857144 0.07021996615905245 0.10973084886128365
1 0.34306260575296105 0.051759834368530024 0.07021996615905245 0.10766045548654245
1 0.5262267343485617 0.04865424430641822 0.07952622673434856 0.08074534161490683
1 0.6869712351945855 0.04658385093167702 0.047377326565143825 0.08488612836438925
1 0.33883248730964466 0.22049689440993792 0.08375634517766498 0.11387163561076605
1 0.4860406091370558 0.2091097308488613 0.09729272419627749 0.10351966873706005
1 0.7060067681895092 0.1956521739130435 0.07021996615905245 0.13871635610766048
1 0.17597292724196276 0.4057971014492754 0.07445008460236886 0.14078674948240166
0 0.344331641285956 0.37681159420289856 0.050761421319796954 0.12008281573498966
1 0.43908629441624364 0.3819875776397516 0.09983079526226735 0.12215320910973086
1 0.7525380710659898 0.370600414078675 0.06345177664974619 0.12836438923395446
0 0.8659052453468696 0.3778467908902692 0.03807106598984771 0.12215320910973086
0 0.10575296108291032 0.5859213250517599 0.04399323181049069 0.11180124223602485
0 0.27284263959390864 0.5797101449275363 0.04483925549915398 0.11594202898550726
0 0.46277495769881555 0.5786749482401656 0.052453468697123515 0.11801242236024846
0 0.6831641285956006 0.5590062111801243 0.04991539763113367 0.11180124223602485
0 0.08967851099830795 0.7712215320910973 0.050761421319796954 0.14699792960662528
0 0.3895939086294416 0.7546583850931677 0.02961082910321489 0.13043478260869565
1 0.5101522842639594 0.7422360248447205 0.06260575296108291 0.14285714285714288
0 0.755922165820643 0.74120082815735 0.027918781725888325 0.13250517598343686
0 0.6489001692047377 0.7298136645962734 0.049069373942470386 0.13043478260869565
1 0.1209813874788494 0.9554865424430643 0.07106598984771573 0.08074534161490683
1 0.27707275803722503 0.9472049689440994 0.06852791878172589 0.09730848861283645
1 0.7026226734348562 0.9316770186335405 0.1649746192893401 0.12836438923395446
