1 0.25925925925925924 0.03471196454948301 0.06757634827810266 0.04579025110782866
1 0.3538011695906432 0.028803545051698673 0.08512020792722547 0.051698670605613
1 0.5 0.021787296898079764 0.06562703053931124 0.03323485967503693
1 0.6156595191682911 0.020679468242245203 0.06302794022092267 0.03545051698670606
1 0.35737491877842753 0.08862629246676515 0.05588044184535412 0.03988183161004431
1 0.47465886939571145 0.08936484490398819 0.06692657569850552 0.03840472673559823
1 0.6351526965562053 0.07976366322008863 0.04743339831059129 0.033973412112259974
1 0.22319688109161792 0.15805022156573117 0.07082521117608837 0.04579025110782866
0 0.3632228719948018 0.1536189069423929 0.042884990253411304 0.0310192023633678
1 0.43209876543209874 0.1410635155096012 0.08057179987004548 0.04579025110782866
1 0.6660168940870694 0.14032496307237816 0.07277452891487979 0.03840472673559823
0 0.7605588044184535 0.14364844903988183 0.03313840155945419 0.045051698670605614
0 0.16861598440545808 0.21971935007385526 0.043534762833008445 0.042097488921713444
1 0.31026640675763484 0.2171344165435746 0.06042884990253411 0.06499261447562778
0 0.44639376218323584 0.20974889217134418 0.050682261208576995 0.044313146233382575
1 0.6176088369070825 0.20937961595273266 0.07082521117608837 0.05096011816838996
1 0.1673164392462638 0.27474150664697194 0.05263157894736842 0.05908419497784343
0 0.3937621832358674 0.27326440177252587 0.02599090318388564 0.050221565731166914
1 0.48473034437946716 0.2706794682422452 0.05198180636777128 0.0568685376661743
0 0.6777128005198181 0.2751107828655835 0.04028589993502274 0.05096011816838996
0 0.5987654320987654 0.27104874446085675 0.05912930474333983 0.051698670605613
1 0.19428200129954515 0.3511816838995569 0.07277452891487979 0.049483013293943875
1 0.2966211825860948 0.3515509601181684 0.05523066926575698 0.053175775480059084
1 0.6358024691358024 0.3375184638109306 0.1397011046133853 0.050221565731166914
1 0.12345679012345678 0.47488921713441656 0.050682261208576995 0.051698670605613
1 0.23164392462638075 0.46898079763663225 0.07862248213125406 0.0620384047267356
1 0.3073424301494477 0.46011816838995573 0.0649772579597141 0.05908419497784343
0 0.3664717348927875 0.46454948301329396 0.036387264457439894 0.06499261447562778
0 0.50682261208577 0.45753323485967506 0.03248862897985705 0.06277695716395865
1 0.7011046133853152 0.45531757754800595 0.0649772579597141 0.06868537666174299
1 0.7761533463287849 0.4619645494830133 0.06042884990253411 0.07016248153618908
1 0.21539961013645223 0.5535450516986706 0.096816114359974 0.06720827178729691
1 0.710201429499675 0.5358197932053176 0.12085769980506822 0.06129985228951256
0 0.10363872644574398 0.6362629246676514 0.056530214424951264 0.07311669128508125
1 0.16146848602988953 0.6325701624815362 0.06562703053931124 0.07607090103397342
0 0.28817413905133205 0.6314623338257017 0.0396361273554256 0.07385524372230429
0 0.28882391163092913 0.7200886262924668 0.06692657569850552 0.07385524372230429
1 0.48310591293047433 0.7208271787296898 0.08512020792722547 0.07385524372230429
0 0.6656920077972709 0.7234121122599705 0.037037037037037035 0.06425406203840472
0 0.702729044834308 0.7189807976366323 0.03573749187784275 0.06277695716395865
1 0.8050682261208577 0.7226735598227475 0.1585445094217024 0.06425406203840472
1 0.33203378817413903 0.8194239290989661 0.08317089018843404 0.07754800590841951
1 0.6445743989603638 0.8138847858197933 0.142949967511371 0.09158050221565732
0 0.8508771929824561 0.8157311669128509 0.0539311241065627 0.07607090103397342
1 0.1751137102014295 0.9353766617429838 0.10201429499675113 0.08050221565731168
1 0.35120207927225466 0.9279911373707533 0.08122157244964262 0.08197932053175776
0 0.46393762183235865 0.9250369276218612 0.042884990253411304 0.08641063515509602
1 0.7257959714100064 0.9242983751846382 0.07407407407407407 0.09379615952732645
0 0.8846653671215075 0.9239290989660266 0.04483430799220273 0.08567208271787298
