1 0.35505552308591465 0.06825749167591565 0.07305669199298655 0.12097669256381799
1 0.4526592635885447 0.06825749167591565 0.07305669199298655 0.12763596004439512
1 0.7127410870835769 0.06215316315205328 0.05318527177089421 0.11764705882352941
1 0.8340151957919345 0.061598224195338516 0.0619520748100526 0.10987791342952276
1 0.16715371127995324 0.24195338512763598 0.058445353594389245 0.15316315205327413
1 0.4988310929281122 0.2397336293007769 0.10227936879018118 0.1753607103218646
1 0.7597895967270601 0.23029966703662597 0.08299240210403272 0.12763596004439512
1 0.12741087083576855 0.4411764705882353 0.10403272939801285 0.14317425083240845
1 0.2577440093512566 0.4400665926748058 0.08182349503214494 0.16981132075471697
1 0.40940970192869663 0.43507214206437295 0.08357685563997662 0.16870144284128746
1 0.5248392752776154 0.4167591564927858 0.08766803039158387 0.14095449500554938
1 0.630333138515488 0.4300776914539401 0.042665108123904144 0.13429522752497225
1 0.6858562244301578 0.44062153163152057 0.05552308591466978 0.15538290788013318
1 0.7910578609000584 0.4267480577136515 0.08240794856808883 0.1453940066592675
1 0.9050263004091175 0.42508324084350724 0.09994155464640561 0.13318534961154274
1 0.31209818819403856 0.6426193118756937 0.09234365867913501 0.16648168701442842
1 0.5444184687317358 0.6426193118756937 0.09292811221507889 0.1753607103218646
1 0.6960841613091758 0.6370699223085461 0.09117475160724722 0.1509433962264151
1 0.8600233781414377 0.6331853496115427 0.0777323202805377 0.15205327413984462
0 0.14932787843366452 0.8623751387347391 0.03798947983635301 0.17314095449500555
1 0.3547632963179427 0.8446170921198668 0.06662770309760374 0.18867924528301888
0 0.46639392168322613 0.8468368479467259 0.04792518994739918 0.1997780244173141
0 0.5318527177089422 0.855715871254162 0.054938632378725885 0.18201997780244172
1 0.6566335476329631 0.8485016648168702 0.12916423144360023 0.19422863485016648
1 0.9307422559906486 0.8468368479467259 0.08240794856808883 0.19755826859045506
