0 0.3120950323974082 0.5518018018018018 0.06263498920086394 0.10960960960960961
0 0.4854211663066955 0.4219219219219219 0.044276457883369334 0.1021021021021021
0 0.3660907127429806 0.4159159159159159 0.05291576673866091 0.11411411411411411
0 0.2254319654427646 0.4102852852852853 0.052375809935205186 0.11036036036036036
0 0.13849892008639308 0.41816816816816815 0.046976241900647954 0.11561561561561562
0 0.507829373650108 0.17304804804804805 0.05453563714902808 0.10735735735735735
0 0.7678185745140389 0.18243243243243243 0.061555075593952485 0.0990990990990991
0 0.662257019438445 0.5690690690690691 0.05021598272138229 0.12912912912912913
0 0.8307235421166307 0.5720720720720721 0.04049676025917927 0.11861861861861862
0 0.6115010799136069 0.7759009009009009 0.057775377969762426 0.1388888888888889
0 0.3272138228941685 0.7717717717717718 0.05183585313174946 0.12612612612612611
1 0.6517278617710583 0.42755255255255253 0.10691144708423327 0.1388888888888889
1 0.4967602591792657 0.5566816816816816 0.08099352051835854 0.12987987987987987
1 0.5512958963282938 0.9192942942942943 0.11339092872570194 0.1313813813813814
0 0.23704103671706264 0.9234234234234234 0.05615550755939525 0.13813813813813813
