0 0.24157303370786515 0.8725393700787402 0.08129543952412426 0.07775590551181102
0 0.8370786516853932 0.7305610236220472 0.09715796430931922 0.07234251968503937
0 0.6269001982815597 0.7285925196850394 0.08129543952412426 0.07234251968503937
0 0.3638466622604098 0.7253937007874016 0.058823529411764705 0.06988188976377953
0 0.21381361533377394 0.6624015748031497 0.07468605419695967 0.06594488188976377
1 0.37144745538664903 0.6599409448818897 0.09120951751487111 0.05610236220472441
0 0.6665565102445472 0.6660925196850394 0.09715796430931922 0.05856299212598425
0 0.6768010575016523 0.6033464566929134 0.06609385327164573 0.06692913385826771
1 0.9306014540647719 0.609744094488189 0.09253139458030403 0.054133858267716536
0 0.46695307336417713 0.6033464566929134 0.05221414408460013 0.0610236220472441
0 0.3079973562458691 0.6040846456692913 0.06609385327164573 0.05757874015748032
1 0.7191011235955056 0.5029527559055118 0.11103767349636483 0.06692913385826771
0 0.4415069398545935 0.5007381889763779 0.06609385327164573 0.050688976377952756
0 0.7696629213483146 0.4510334645669291 0.05750165234633179 0.06348425196850394
0 0.8658294778585591 0.4431594488188976 0.05023132848645076 0.054625984251968504
0 0.7267019167217449 0.3531003937007874 0.056179775280898875 0.03986220472440945
0 0.41440846001321874 0.35063976377952755 0.027759418374091207 0.04281496062992126
0 0.29775280898876405 0.35506889763779526 0.033707865168539325 0.041830708661417325
1 0.37442167878387306 0.3159448818897638 0.0945142101784534 0.0344488188976378
0 0.5604758757435558 0.30856299212598426 0.04758757435558493 0.047244094488188976
0 0.7002643754130865 0.3112696850393701 0.09980171844018505 0.04576771653543307
0 0.8489755452742894 0.3068405511811024 0.050892267019167214 0.056594488188976375
0 0.461004626569729 0.23105314960629922 0.036351619299405155 0.036909448818897635
1 0.6886979510905485 0.234251968503937 0.08460013218770654 0.03641732283464567
0 0.748512888301388 0.19758858267716536 0.06014540647719762 0.04281496062992126
1 0.41870456047587573 0.14099409448818898 0.08393919365499009 0.036909448818897635
0 0.5598149372108394 0.1311515748031496 0.040978189028420355 0.029035433070866142
0 0.6351619299405155 0.1326279527559055 0.03701255783212161 0.024114173228346455
1 0.7088565763384005 0.13041338582677164 0.07997356245869133 0.03248031496062992
1 0.677792465300727 0.10900590551181102 0.05750165234633179 0.041830708661417325
0 0.41573033707865165 0.10285433070866142 0.05948446794448116 0.03740157480314961
0 0.3089887640449438 0.10482283464566929 0.07865168539325842 0.033464566929133854
0 0.4927296761401189 0.0718503937007874 0.05485789821546596 0.03248031496062992
0 0.585261070720423 0.06668307086614172 0.04692663582286847 0.04084645669291338
1 0.4077990746860542 0.04429133858267716 0.06609385327164573 0.018700787401574805
