0 0.1825503355704698 0.07051282051282051 0.05100671140939597 0.10897435897435898
0 0.2993288590604027 0.08333333333333333 0.05100671140939597 0.12179487179487179
0 0.4523489932885906 0.0689102564102564 0.04563758389261745 0.13141025641025642
0 0.6751677852348993 0.08814102564102563 0.042953020134228186 0.10576923076923077
0 0.23624161073825503 0.375 0.040268456375838924 0.12179487179487179
0 0.49865771812080534 0.36698717948717946 0.046979865771812075 0.11858974358974358
0 0.7583892617449663 0.3798076923076923 0.03758389261744966 0.16346153846153846
0 0.4402684563758389 0.5705128205128205 0.056375838926174496 0.16025641025641024
1 0.5328859060402684 0.5641025641025641 0.06442953020134227 0.1794871794871795
1 0.7973154362416107 0.5977564102564102 0.07785234899328859 0.18269230769230768
0 0.5248322147651007 0.7964743589743589 0.053691275167785234 0.17628205128205127
0 0.6503355704697986 0.7932692307692307 0.025503355704697986 0.16346153846153846
0 0.7201342281879194 0.8125 0.0523489932885906 0.1891025641025641
0 0.8208053691275168 0.8044871794871794 0.05503355704697986 0.1858974358974359
