0 0.08216783216783216 0.4585635359116022 0.055944055944055944 0.143646408839779
1 0.4353146853146853 0.4060773480662983 0.08391608391608392 0.2044198895027624
1 0.7902097902097902 0.39779005524861877 0.08741258741258741 0.17679558011049723
0 0.8933566433566433 0.4033149171270718 0.055944055944055944 0.16574585635359115
0 0.29895104895104896 0.6795580110497237 0.045454545454545456 0.16574585635359115
1 0.4825174825174825 0.654696132596685 0.05944055944055944 0.2154696132596685
1 0.8583916083916084 0.6574585635359116 0.16083916083916083 0.22099447513812154
0 0.11625874125874126 0.9281767955801105 0.043706293706293704 0.12154696132596685
0 0.3146853146853147 0.9088397790055248 0.05244755244755245 0.1602209944751381
0 0.4222027972027972 0.8922651933701657 0.06818181818181818 0.18232044198895025
0 0.6564685314685315 0.8895027624309392 0.06118881118881119 0.19889502762430938
0 0.7272727272727273 0.8895027624309392 0.04895104895104895 0.19889502762430938
