0 0.29563492063492064 0.12670454545454546 0.06405895691609978 0.15568181818181817
0 0.530045351473923 0.10340909090909091 0.04081632653061225 0.12727272727272726
0 0.5895691609977325 0.10625 0.04195011337868481 0.14886363636363636
0 0.6261337868480725 0.10909090909090909 0.043650793650793655 0.1568181818181818
0 0.8560090702947846 0.11022727272727272 0.04761904761904762 0.125
1 0.1556122448979592 0.3170454545454545 0.058390022675736966 0.1477272727272727
0 0.22307256235827666 0.30227272727272725 0.07312925170068027 0.1318181818181818
0 0.4691043083900227 0.30568181818181817 0.03344671201814059 0.1568181818181818
0 0.8015873015873016 0.2863636363636364 0.061224489795918366 0.1409090909090909
1 0.27976190476190477 0.49318181818181817 0.1320861678004535 0.17045454545454544
0 0.2100340136054422 0.702840909090909 0.0481859410430839 0.1625
0 0.5510204081632654 0.6948863636363636 0.07596371882086168 0.15113636363636362
0 0.8820861678004536 0.6789772727272727 0.046485260770975055 0.1693181818181818
0 0.9248866213151927 0.6755681818181818 0.05272108843537415 0.16022727272727272
0 0.213718820861678 0.9261363636363636 0.049886621315192746 0.1431818181818182
0 0.37329931972789115 0.8994318181818182 0.030045351473922902 0.1965909090909091
0 0.5671768707482994 0.8982954545454545 0.05158730158730159 0.18977272727272726
