0 0.3265980896399706 0.11025943396226415 0.04188096987509184 0.1096698113207547
0 0.5558412931667891 0.09846698113207547 0.05216752387950036 0.12382075471698113
0 0.6631153563556208 0.09198113207547169 0.053637031594415865 0.11320754716981132
0 0.1609110947832476 0.2777122641509434 0.06612784717119764 0.12617924528301885
1 0.4357090374724467 0.2588443396226415 0.05878030859662013 0.12382075471698113
1 0.6778104335047759 0.23702830188679244 0.05657604702424687 0.11320754716981132
1 0.8585598824393827 0.23349056603773585 0.08596620132255693 0.1061320754716981
0 0.20830271858927257 0.6226415094339622 0.058045554739162376 0.12264150943396226
1 0.3673769287288758 0.6079009433962264 0.09992652461425422 0.1544811320754717
1 0.7263041880969875 0.5595518867924528 0.15356355620867007 0.13325471698113206
0 0.36517266715650254 0.7883254716981132 0.07200587803085966 0.15919811320754718
0 0.5705363703159441 0.7617924528301887 0.07421013960323292 0.1391509433962264
0 0.5797207935341661 0.9375 0.05290227773695812 0.12028301886792453
0 0.7145481263776634 0.9127358490566038 0.07127112417340191 0.15566037735849056
