0 0.08251289263947492 0.10645812310797174 0.02156586966713549 0.08980827447023208
0 0.123300515705579 0.1104944500504541 0.02344116268166901 0.08980827447023208
0 0.1687763713080169 0.10191725529767912 0.045944678856071265 0.08879919273461151
0 0.2648851383028598 0.09132189707366296 0.032817627754336616 0.13218970736629668
0 0.3277074542897328 0.08173562058526741 0.025316455696202535 0.11301715438950555
0 0.35278949835911866 0.09031281533804238 0.023909985935302393 0.08779011099899092
0 0.4320206282231599 0.08829465186680122 0.04172526957337084 0.09989909182643794
0 0.47585560243788094 0.0822401614530777 0.03938115330520394 0.09788092835519677
0 0.5403187998124708 0.06357214934409687 0.05954055321143929 0.1029263370332997
0 0.6031411157993437 0.07568113017154389 0.023909985935302393 0.10090817356205853
0 0.6826066572902016 0.07114026236125126 0.045944678856071265 0.10595358224016145
0 0.7407407407407408 0.056508577194752774 0.027191748710736055 0.09283551967709384
1 0.8305203938115331 0.052976791120080725 0.05954055321143929 0.08577194752774975
0 0.2252695733708392 0.24924318869828457 0.03891233005157056 0.09485368314833502
0 0.49015471167369906 0.2330978809283552 0.030473511486169717 0.1432896064581231
0 0.6223628691983123 0.22351160443995963 0.053914674167838725 0.10797174571140263
0 0.6879981247069855 0.21695257315842584 0.048288795124238164 0.10090817356205853
0 0.7862165963431786 0.20232088799192735 0.029067041725269575 0.10393541876892029
0 0.8509142053445852 0.19677093844601412 0.03938115330520394 0.1029263370332997
0 0.18635724331926865 0.425832492431887 0.026722925457102673 0.11503531786074672
0 0.24331926863572434 0.41876892028254287 0.0356305672761369 0.08476286579212916
1 0.3792780121894046 0.40867810292633705 0.07219878105954056 0.10494450050454086
0 0.5077355836849508 0.3920282542885974 0.040318799812470704 0.11200807265388496
1 0.580168776371308 0.3970736629667003 0.07923112986404127 0.10595358224016145
0 0.6962025316455697 0.3864783047426842 0.049695264885138306 0.12512613521695257
0 0.4289732770745429 0.558526740665994 0.053445850914205346 0.124117053481332
0 0.5522737927801219 0.5590312815338042 0.032817627754336616 0.12108980827447023
0 0.6303328645100797 0.5489404641775983 0.04547585560243789 0.12916246215943492
0 0.7137834036568215 0.5418768920282543 0.0379746835443038 0.10696266397578204
0 0.13619315518049696 0.7669021190716448 0.03891233005157056 0.1231079717457114
0 0.20370370370370372 0.7739656912209889 0.03984997655883732 0.10090817356205853
0 0.3670886075949367 0.7376387487386479 0.03375527426160338 0.15136226034308778
0 0.6024378809188936 0.7376387487386479 0.05438349742147211 0.12714429868819374
0 0.7311298640412565 0.7285570131180625 0.08860759493670886 0.13925327951564076
1 0.5126582278481013 0.9217961654894047 0.09892170651664323 0.13622603430877903
