1 0.5805013927576602 0.1493664717348928 0.07910863509749304 0.041423001949317736
1 0.4050139275766017 0.4758771929824561 0.06685236768802229 0.06871345029239766
1 0.5949860724233984 0.4800194931773879 0.08802228412256267 0.07504873294346978
1 0.3905292479108635 0.554093567251462 0.05682451253481895 0.07309941520467836
1 0.30055710306406686 0.5487329434697855 0.08857938718662953 0.07309941520467836
1 0.14512534818941505 0.6374269005847952 0.06740947075208914 0.07017543859649122
1 0.19972144846796658 0.7344054580896686 0.09415041782729805 0.08382066276803118
1 0.23342618384401115 0.8330896686159843 0.10919220055710308 0.09113060428849902
1 0.44791086350974935 0.8365009746588693 0.1626740947075209 0.10185185185185185
1 0.5211699164345404 0.9398148148148148 0.1275766016713092 0.09405458089668615
1 0.7161559888579387 0.554093567251462 0.12423398328690809 0.07309941520467836
1 0.8016713091922006 0.6369395711500975 0.10919220055710308 0.07115009746588694
1 0.6181058495821727 0.3060428849902534 0.08635097493036212 0.06042884990253411
0 0.5091922005571031 0.022417153996101363 0.04456824512534819 0.03508771929824561
0 0.6877437325905292 0.03557504873294347 0.052924791086350974 0.04483430799220273
0 0.3075208913649025 0.6376705653021442 0.05571030640668524 0.07943469785575048
0 0.571866295264624 0.625 0.06183844011142062 0.07748538011695906
0 0.5629526462395543 0.7309941520467835 0.06740947075208914 0.08187134502923976
0 0.3941504178272981 0.7266081871345029 0.07409470752089137 0.07309941520467836
0 0.6259052924791086 0.1023391812865497 0.04401114206128134 0.04873294346978557
0 0.6654596100278551 0.11135477582846004 0.022841225626740947 0.05019493177387914
0 0.7462395543175487 0.11306042884990253 0.03286908077994429 0.06140350877192982
