0 0.2644927536231884 0.08366013071895424 0.017279821627647716 0.09673202614379084
0 0.47435897435897434 0.07581699346405228 0.028985507246376812 0.08366013071895424
0 0.6479933110367893 0.06405228758169934 0.049609810479375696 0.07320261437908496
0 0.28372352285395763 0.23202614379084965 0.032329988851727984 0.09281045751633986
0 0.5986622073578595 0.2176470588235294 0.027870680044593088 0.1111111111111111
1 0.29933110367892973 0.3980392156862745 0.03901895206243032 0.08235294117647059
1 0.8857302118171684 0.3686274509803921 0.026755852842809364 0.08888888888888888
0 0.3625975473801561 0.5542483660130718 0.0451505016722408 0.11241830065359476
0 0.7382943143812709 0.5281045751633987 0.049609810479375696 0.12287581699346405
0 0.8901895206243032 0.5274509803921569 0.05462653288740245 0.10849673202614378
0 0.3088071348940914 0.7215686274509804 0.043478260869565216 0.12026143790849672
1 0.6401895206243032 0.6947712418300653 0.06521739130434782 0.1372549019607843
1 0.12569676700111482 0.9274509803921568 0.07636566332218506 0.1111111111111111
0 0.45624303232998886 0.9058823529411764 0.036231884057971016 0.11241830065359476
1 0.6073021181716833 0.8973856209150326 0.08305462653288741 0.12679738562091503
0 0.7984949832775919 0.9019607843137254 0.052954292084726864 0.130718954248366
