0 0.1273217495506291 0.23728813559322035 0.03894547633313361 0.42033898305084744
0 0.2519472738166567 0.20338983050847456 0.04973037747153985 0.4067796610169491
0 0.4598562013181546 0.20169491525423727 0.04493708807669263 0.36271186440677966
0 0.6054523666866387 0.1847457627118644 0.06530856800479329 0.3694915254237288
1 0.7022168963451169 0.20338983050847456 0.08747753145596165 0.3728813559322034
0 0.8334331935290593 0.2135593220338983 0.05632115038945477 0.39999999999999997
0 0.09227082085080887 0.7220338983050847 0.07070101857399641 0.42033898305084744
0 0.15098861593768725 0.7186440677966102 0.039544637507489516 0.4067796610169491
0 0.6491911324146196 0.7322033898305085 0.04134212103055722 0.4813559322033898
0 0.7285799880167765 0.7254237288135593 0.05512282804074296 0.4135593220338983
0 0.9134212103055722 0.7593220338983051 0.04254044337926902 0.4271186440677966
