0 0.45387700534759357 0.12234042553191489 0.05213903743315508 0.24468085106382978
0 0.7820855614973261 0.1276595744680851 0.0427807486631016 0.26595744680851063
1 0.18516042780748662 0.5 0.07620320855614973 0.3191489361702128
0 0.3248663101604278 0.4734042553191489 0.058823529411764705 0.30851063829787234
0 0.4264705882352941 0.4734042553191489 0.0374331550802139 0.30851063829787234
0 0.47058823529411764 0.48404255319148937 0.0374331550802139 0.3191489361702128
0 0.5427807486631016 0.48404255319148937 0.0427807486631016 0.28723404255319146
0 0.7894385026737968 0.4920212765957447 0.030748663101604276 0.3031914893617021
0 0.1036096256684492 0.8723404255319148 0.038770053475935824 0.22340425531914893
0 0.39304812834224595 0.8617021276595744 0.026737967914438502 0.2553191489361702
1 0.5401069518716577 0.8537234042553191 0.0641711229946524 0.2712765957446808
