1 0.24212398373983743 0.10814124570868074 0.05741869918699188 0.060323688082393336
0 0.48704268292682934 0.10176557135850908 0.04522357723577236 0.054438450220696426
1 0.7004573170731708 0.10102991662579697 0.11534552845528456 0.04806277587052477
0 0.7754065040650407 0.039725355566454144 0.03658536585365854 0.047081902893575285
0 0.7273882113821138 0.0443845022069642 0.02489837398373984 0.04168710152035312
0 0.6864837398373984 0.04242275625306523 0.03353658536585366 0.04168710152035312
0 0.5614837398373984 0.04389406571848946 0.030487804878048783 0.044629720451201574
1 0.5663109756097562 0.18661108386463954 0.07266260162601627 0.07503678273663561
1 0.6544715447154472 0.1885728298185385 0.07520325203252033 0.060323688082393336
1 0.7685467479674798 0.1868563021088769 0.04827235772357724 0.05100539480137323
1 0.8236788617886179 0.1885728298185385 0.03556910569105692 0.05247670426679745
1 0.13389227642276424 0.27611574301128006 0.06554878048780488 0.03727317312408043
1 0.23069105691056913 0.2741539970573811 0.05182926829268293 0.05198626777832271
1 0.7154471544715448 0.25478175576262874 0.052845528455284556 0.05934281510544385
1 0.08892276422764228 0.3430603236880824 0.047764227642276426 0.05836194212849436
1 0.1702235772357724 0.3450220696419814 0.032520325203252036 0.0622854340362923
0 0.33180894308943093 0.34183423246689554 0.037601626016260166 0.06277587052476705
0 0.44105691056910573 0.33349681216282495 0.03556910569105692 0.06866110838646396
0 0.6653963414634148 0.3305541932319765 0.05640243902439025 0.06866110838646396
1 0.14481707317073172 0.42496321726336445 0.06808943089430895 0.07405590975968612
0 0.23983739837398377 0.4232466895537028 0.037601626016260166 0.07062285434036293
1 0.34146341463414637 0.41932319764590487 0.05691056910569106 0.06473761647866602
1 0.46900406504065045 0.41441883276115743 0.04878048780487805 0.06179499754781756
1 0.5571646341463415 0.41441883276115743 0.0625 0.06179499754781756
0 0.6847052845528456 0.4149092692496322 0.06453252032520326 0.05198626777832271
0 0.23018292682926833 0.5068661108386464 0.05081300813008131 0.07699852869053458
0 0.3767784552845529 0.5026974006866111 0.05640243902439025 0.06866110838646396
0 0.43724593495934966 0.4985286905345758 0.04725609756097562 0.07699852869053458
0 0.7873475609756099 0.48651299656694463 0.05640243902439025 0.06768023540951447
1 0.4133638211382114 0.5882785679254537 0.09705284552845529 0.07307503678273664
1 0.6199186991869919 0.5828837665522315 0.08434959349593497 0.07307503678273664
1 0.7256097560975611 0.5846002942618931 0.08434959349593497 0.06375674350171653
0 0.16565040650406507 0.7437469347719471 0.030487804878048783 0.08582638548307994
0 0.49186991869918706 0.7317312408043158 0.037601626016260166 0.07846983815595882
0 0.6148373983739838 0.7305051495831291 0.052845528455284556 0.07797940166748407
1 0.5480182926829269 0.837420304070623 0.13770325203252035 0.08974987739087789
0 0.7766768292682927 0.8364394310936735 0.06453252032520326 0.08974987739087789
1 0.6935975609756099 0.9480137322216774 0.10873983739837399 0.10201078960274645
