0 0.20134638922888615 0.2389867841409692 0.033047735618115054 0.11233480176211455
1 0.3268053855569155 0.236784140969163 0.06364749082007343 0.10792951541850221
1 0.4577723378212974 0.2455947136563877 0.05140758873929008 0.12555066079295155
0 0.5667074663402693 0.2389867841409692 0.03916768665850673 0.11674008810572688
1 0.7399020807833536 0.2389867841409692 0.08200734394124846 0.09030837004405287
1 0.15789473684210525 0.39977973568281944 0.056303549571603426 0.13876651982378857
1 0.2533659730722154 0.39977973568281944 0.04406364749082007 0.1299559471365639
1 0.34516523867809057 0.39977973568281944 0.04895960832313341 0.12114537444933922
1 0.43145654834761316 0.39977973568281944 0.05752753977968176 0.11674008810572688
1 0.1285189718482252 0.5759911894273129 0.06119951040391676 0.13436123348017623
1 0.21481028151774784 0.5693832599118943 0.04773561811505508 0.13436123348017623
0 0.3231334149326805 0.5594713656387665 0.024479804161566705 0.12775330396475773
0 0.37148102815177475 0.5550660792951543 0.01835985312117503 0.12775330396475773
0 0.46266829865361075 0.5528634361233481 0.041615667074663396 0.13656387665198239
1 0.5764993880048959 0.5550660792951543 0.03916768665850673 0.11013215859030838
1 0.4112607099143206 0.7378854625550662 0.06854345165238677 0.1497797356828194
0 0.51468788249694 0.7246696035242292 0.03059975520195838 0.15859030837004406
0 0.55875152998776 0.7257709251101322 0.023255813953488372 0.1563876651982379
0 0.7747858017135862 0.7268722466960353 0.041615667074663396 0.14096916299559473
1 0.8561811505507955 0.7213656387665199 0.05752753977968176 0.13876651982378857
0 0.916156670746634 0.7268722466960353 0.050183598531211744 0.15418502202643172
1 0.13219094247246022 0.9262114537444934 0.10036719706242349 0.13876651982378857
0 0.3182374541003672 0.9218061674008812 0.06119951040391676 0.14757709251101322
0 0.44369645042839656 0.920704845814978 0.055079559363525085 0.1497797356828194
1 0.5820073439412484 0.9085903083700442 0.0452876376988984 0.15198237885462557
