1 0.21664420485175204 0.06439854191980558 0.07345013477088949 0.10692588092345078
0 0.3696091644204852 0.06379100850546779 0.03436657681940701 0.11300121506682867
1 0.5117924528301887 0.060753341433778855 0.11388140161725067 0.12150668286755771
0 0.7213611859838275 0.05589307411907654 0.03436657681940701 0.11178614823815308
1 0.8136792452830189 0.06804374240583232 0.07210242587601079 0.11421628189550424
0 0.1452156334231806 0.2065613608748481 0.04245283018867925 0.12150668286755771
1 0.31300539083557954 0.21324422843256377 0.12466307277628033 0.12515188335358443
1 0.498989218328841 0.19805589307411905 0.08288409703504043 0.11178614823815308
0 0.6516172506738545 0.21020656136087482 0.030997304582210245 0.1166464155528554
1 0.8561320754716981 0.2168894289185905 0.06940700808625337 0.13001215066828675
1 0.7995283018867925 0.370595382746051 0.05053908355795148 0.14094775212636693
0 0.8557951482479785 0.37241798298906437 0.03504043126684636 0.13001215066828675
1 0.2129380053908356 0.531591737545565 0.07277628032345014 0.1324422843256379
0 0.28571428571428575 0.5455650060753341 0.02964959568733154 0.12150668286755771
1 0.3204177897574124 0.5467800729040097 0.04380053908355795 0.12879708383961117
1 0.522911051212938 0.5388821385176185 0.07816711590296496 0.15674362089914945
0 0.6324123989218329 0.5443499392466585 0.01684636118598383 0.1312272174969623
0 0.7186657681940701 0.531591737545565 0.05188679245283019 0.14702308626974483
0 0.8406334231805931 0.5407047387606317 0.04919137466307278 0.1482381530984204
0 0.12061994609164421 0.7156743620899149 0.03369272237196766 0.15552855407047386
0 0.18328840970350405 0.7253948967193194 0.02560646900269542 0.15066828675577154
1 0.2789757412398922 0.7229647630619683 0.02830188679245283 0.14094775212636693
1 0.47641509433962265 0.7229647630619683 0.07412398921832884 0.17253948967193194
0 0.6095013477088949 0.7144592952612393 0.04919137466307278 0.16767922235722962
1 0.794811320754717 0.7126366950182259 0.12061994609164421 0.16160388821385174
1 0.042115902964959574 0.9131227217496961 0.0545822102425876 0.16646415552855406
1 0.271900269541779 0.9100850546780072 0.12601078167115903 0.16524908869987848
1 0.49663072776280326 0.9094775212636694 0.07008086253369272 0.1640340218712029
1 0.5731132075471699 0.9100850546780072 0.04919137466307278 0.1749696233292831
1 0.6495956873315364 0.907654921020656 0.05525606469002696 0.1798298906439854
1 0.7725741239892183 0.9198055893074119 0.05997304582210243 0.15552855407047386
