1 0.6269727403156384 0.06868131868131869 0.08895265423242468 0.1263736263736264
0 0.7338593974175036 0.07554945054945056 0.03299856527977044 0.10714285714285715
1 0.8586800573888093 0.07417582417582418 0.05882352941176471 0.11538461538461539
0 0.9074605451936872 0.05906593406593407 0.03299856527977044 0.12362637362637363
1 0.5078909612625538 0.23214285714285715 0.163558106169297 0.15109890109890112
1 0.7890961262553803 0.22115384615384617 0.11477761836441894 0.13461538461538464
1 0.2984218077474893 0.396978021978022 0.13486370157819225 0.1401098901098901
1 0.4956958393113343 0.38873626373626374 0.04447632711621234 0.1401098901098901
0 0.5466284074605452 0.3873626373626374 0.043041606886657105 0.13736263736263737
0 0.6025824964131995 0.385989010989011 0.04591104734576758 0.13461538461538464
0 0.6578192252510761 0.39148351648351654 0.05021520803443329 0.12912087912087913
0 0.7769010043041608 0.3873626373626374 0.04447632711621234 0.1263736263736264
0 0.881635581061693 0.38461538461538464 0.07030129124820661 0.13186813186813187
1 0.1836441893830703 0.5508241758241759 0.08034433285509326 0.13461538461538464
1 0.3737446197991392 0.5398351648351649 0.10473457675753228 0.12912087912087913
0 0.727403156384505 0.5494505494505495 0.06025824964131995 0.14285714285714288
1 0.18938307030129126 0.7293956043956045 0.15494978479196558 0.18406593406593408
1 0.5143472022955524 0.7252747252747254 0.15351506456241035 0.18131868131868134
1 0.7704447632711622 0.723901098901099 0.14060258249641322 0.1620879120879121
1 0.1441893830703013 0.9203296703296704 0.047345767575322814 0.14835164835164835
1 0.3156384505021521 0.9107142857142858 0.054519368723098996 0.1675824175824176
1 0.5329985652797705 0.9148351648351649 0.09325681492109039 0.15934065934065936
1 0.8701578192252512 0.9175824175824177 0.1248206599713056 0.15384615384615385
