0 0.1307583274273565 0.09469696969696971 0.04748405386250886 0.09090909090909091
1 0.25301204819277107 0.08775252525252526 0.07512402551381998 0.08207070707070707
0 0.3249468462083629 0.08396464646464648 0.029057406094968107 0.09974747474747475
1 0.35931963146704465 0.08648989898989899 0.051027639971651315 0.10227272727272728
0 0.39688164422395467 0.09027777777777779 0.02834868887313962 0.10227272727272728
0 0.554925584691708 0.08270202020202021 0.022678951098511695 0.1047979797979798
1 0.8128986534372785 0.07765151515151515 0.148830616583983 0.09974747474747475
1 0.23281360737065912 0.2373737373737374 0.060240963855421686 0.10353535353535355
1 0.7725017717930546 0.21906565656565657 0.10630758327427357 0.09722222222222222
0 0.1151665485471297 0.3781565656565657 0.04323175053153792 0.09974747474747475
1 0.1693834160170092 0.37500000000000006 0.05386250885896528 0.12121212121212122
0 0.3146704464918498 0.37563131313131315 0.02693125442948264 0.11742424242424243
0 0.31856839121190644 0.5296717171717172 0.050318922749822824 0.13005050505050506
1 0.518781006378455 0.5170454545454546 0.11055988660524452 0.13005050505050506
0 0.7197023387668321 0.5208333333333334 0.04606661941885188 0.11742424242424243
0 0.7632884479092842 0.5088383838383839 0.041105598866052445 0.10606060606060606
1 0.3766832034018427 0.6950757575757577 0.1268603827072998 0.12247474747474749
1 0.7002126151665485 0.6887626262626263 0.147413182140326 0.14520202020202022
0 0.9216867469879518 0.6887626262626263 0.0673281360737066 0.14015151515151517
1 0.19064493267186394 0.8901515151515152 0.09071580439404678 0.12373737373737374
1 0.3752657689581857 0.8806818181818182 0.08291991495393339 0.11994949494949496
0 0.5042523033309709 0.8756313131313133 0.05457122608079377 0.12247474747474749
1 0.7983699503897945 0.8718434343434344 0.09284195605953224 0.13762626262626262
0 0.9737774627923459 0.8731060606060607 0.03827072997873848 0.13762626262626262
