1 0.15655853314527504 0.22911051212938008 0.08180535966149506 0.12398921832884098
1 0.406558533145275 0.0862533692722372 0.08251057827926657 0.09973045822102426
1 0.7122708039492243 0.0963611859838275 0.07898448519040903 0.11725067385444744
1 0.6625528913963329 0.23180592991913748 0.0853314527503526 0.10242587601078168
1 0.8050070521861777 0.24932614555256066 0.07404795486600846 0.14016172506738545
1 0.1375176304654443 0.5471698113207547 0.09590973201692525 0.12398921832884098
1 0.3385049365303244 0.5384097035040432 0.05500705218617771 0.1280323450134771
1 0.8325105782792666 0.578167115902965 0.08251057827926657 0.15094339622641512
1 0.20063469675599435 0.7452830188679246 0.1854724964739069 0.1266846361185984
1 0.4464033850493653 0.7237196765498652 0.08039492242595205 0.15094339622641512
0 0.7397743300423131 0.7338274932614556 0.08603667136812412 0.1280323450134771
1 0.3282792665726375 0.9238544474393532 0.10507757404795487 0.14690026954177898
1 0.7348377997179125 0.9164420485175203 0.19464033850493653 0.16172506738544476
