0 0.19062259800153727 0.09938524590163934 0.0415065334358186 0.14959016393442623
0 0.3332052267486549 0.10348360655737705 0.02536510376633359 0.16188524590163936
1 0.37855495772482706 0.09221311475409837 0.04688700999231361 0.14754098360655737
1 0.5526518063028439 0.12192622950819673 0.07840122982321292 0.14959016393442623
1 0.7125288239815527 0.12704918032786885 0.06456571867794005 0.14754098360655737
1 0.8697156033820138 0.14959016393442623 0.04996156802459646 0.11065573770491804
1 0.10991544965411222 0.2889344262295082 0.08608762490392007 0.1434426229508197
1 0.32513451191391235 0.29098360655737704 0.08608762490392007 0.1557377049180328
1 0.5184473481936972 0.3084016393442623 0.06379707916986933 0.14139344262295084
1 0.7059953881629516 0.3155737704918033 0.06533435818601076 0.12295081967213116
1 0.8528055342044581 0.33196721311475413 0.05764796310530361 0.14754098360655737
0 0.1994619523443505 0.49282786885245905 0.04842428900845504 0.1290983606557377
1 0.5226748654880861 0.5102459016393442 0.04919292851652575 0.13524590163934427
1 0.2148347425057648 0.7028688524590164 0.12528823981552653 0.1639344262295082
1 0.16448885472713298 0.9129098360655739 0.06610299769408147 0.14139344262295084
1 0.2940046118370484 0.9016393442622951 0.033051498847040735 0.14754098360655737
1 0.7467332820906994 0.9252049180327869 0.0930053804765565 0.14139344262295084
