1 0.4890829694323144 0.07623888182973317 0.066126013724267 0.11944091486658197
0 0.614784778540237 0.0756035578144854 0.049282595134123516 0.13087674714104194
0 0.7573300062383032 0.07179161372299873 0.0611353711790393 0.1181702668360864
1 0.4703680598877105 0.25158831003811943 0.09981285090455397 0.144853875476493
1 0.7613849033063007 0.2503176620076239 0.051777916406737366 0.1346886912325286
0 0.8908296943231441 0.24968233799237613 0.049906425452276984 0.14104193138500637
1 0.20399251403618215 0.4555273189326557 0.08858390517779165 0.1613722998729352
1 0.36026200873362446 0.4466327827191868 0.0941983780411728 0.156289707750953
0 0.4447910168434186 0.44027954256670904 0.05489706799750468 0.1512071156289708
1 0.33312538989394885 0.6531130876747141 0.056144728633811605 0.17789072426937738
1 0.4438552713661884 0.6543837357052097 0.08671241422333126 0.19822109275730623
1 0.3247036805988771 0.878017789072427 0.1141609482220836 0.19822109275730623
1 0.6023081721771678 0.8761118170266836 0.07423580786026202 0.18424396442185514
0 0.8418590143480973 0.8754764930114358 0.07797878976918278 0.1905972045743329
