0 0.14492753623188406 0.9407939767282683 0.06800445930880714 0.11567419575633128
0 0.3205128205128205 0.9274469541409993 0.0379041248606466 0.1245722108145106
0 0.22826086956521738 0.7891854893908282 0.05406911928651059 0.09856262833675565
0 0.37151616499442586 0.7772073921971252 0.05406911928651059 0.11156741957563313
0 0.6089743589743589 0.783025325119781 0.08416945373467112 0.11498973305954825
1 0.8076923076923077 0.7731006160164271 0.08695652173913043 0.10198494182067078
0 0.705685618729097 0.6505817932922655 0.05462653288740245 0.10746064339493497
1 0.5100334448160535 0.5308008213552361 0.08249721293199554 0.09650924024640657
1 0.6909141583054627 0.5263518138261465 0.05072463768115942 0.08487337440109514
1 0.30462653288740243 0.528747433264887 0.10535117056856187 0.09240246406570841
1 0.26059085841694535 0.40314852840520193 0.08862876254180602 0.06707734428473648
0 0.45903010033444813 0.3993839835728953 0.051839464882943144 0.0622861054072553
1 0.60479375696767 0.37440109514031483 0.09253065774804906 0.09034907597535934
1 0.7770345596432553 0.3856947296372348 0.06911928651059086 0.06913073237508556
0 0.32636566332218503 0.28507871321013006 0.05852842809364548 0.0650239561943874
0 0.1407469342251951 0.21971252566735114 0.04292084726867335 0.07392197125256673
1 0.2238015607580825 0.20807665982203968 0.08082497212931995 0.06844626967830253
1 0.24442586399108138 0.12902121834360028 0.06521739130434782 0.05544147843942505
1 0.33890746934225197 0.1300479123887748 0.06577480490523968 0.05201916495550992
1 0.42558528428093645 0.12046543463381246 0.07971014492753623 0.06844626967830253
1 0.5468227424749164 0.11430527036276522 0.0802675585284281 0.06433949349760439
1 0.6599777034559643 0.11875427789185489 0.06688963210702341 0.05817932922655715
1 0.6262541806020067 0.043121149897330596 0.07859531772575251 0.04791238877481177
0 0.5554626532887402 0.04209445585215606 0.05518394648829431 0.0458590006844627
1 0.4222408026755853 0.04106776180698152 0.08305462653288741 0.04243668720054757
0 0.32971014492753625 0.044147843942505136 0.04626532887402453 0.04996577686516085
0 0.705685618729097 0.30150581793292264 0.027870680044593088 0.06913073237508556
