0 0.27005347593582885 0.07254901960784313 0.0374331550802139 0.07058823529411765
0 0.42179144385026734 0.06568627450980392 0.044117647058823525 0.08039215686274509
0 0.5835561497326203 0.07450980392156863 0.057486631016042775 0.09803921568627451
1 0.22326203208556147 0.18725490196078431 0.05080213903743315 0.08039215686274509
1 0.3870320855614973 0.1843137254901961 0.07620320855614973 0.09019607843137255
1 0.7740641711229946 0.18823529411764706 0.05080213903743315 0.07058823529411765
1 0.5307486631016043 0.2950980392156863 0.0909090909090909 0.1196078431372549
0 0.6169786096256684 0.29215686274509806 0.06016042780748663 0.12549019607843137
0 0.7279411764705882 0.29215686274509806 0.07887700534759358 0.11764705882352941
0 0.08890374331550802 0.4294117647058823 0.038770053475935824 0.10588235294117647
0 0.17780748663101603 0.4372549019607843 0.04545454545454545 0.11764705882352941
1 0.20788770053475936 0.5568627450980392 0.08957219251336898 0.09019607843137255
1 0.5882352941176471 0.5715686274509804 0.10962566844919786 0.10392156862745097
0 0.10427807486631016 0.7382352941176471 0.0427807486631016 0.13529411764705881
0 0.2981283422459893 0.7254901960784313 0.0962566844919786 0.1568627450980392
1 0.5240641711229946 0.7392156862745098 0.13903743315508021 0.1568627450980392
0 0.6651069518716577 0.7480392156862745 0.06550802139037433 0.13137254901960785
0 0.8602941176470588 0.7598039215686274 0.06550802139037433 0.14313725490196078
0 0.10695187165775401 0.8941176470588235 0.08823529411764705 0.15294117647058825
0 0.31283422459893045 0.8990196078431373 0.05080213903743315 0.14705882352941177
