0 0.8036006546644844 0.1452074391988555 0.0425531914893617 0.1530758226037196
1 0.24168030551009273 0.4270386266094421 0.09601745771958536 0.18168812589413447
1 0.5166393889798144 0.38412017167381973 0.08074195308237861 0.19599427753934193
0 0.6382978723404255 0.37052932761087265 0.03600654664484451 0.16022889842632332
1 0.7730496453900708 0.37553648068669526 0.11565739225313693 0.17882689556509299
0 0.34315330060010907 0.6673819742489271 0.06655755591925804 0.19027181688125894
1 0.583469721767594 0.6444921316165951 0.09438079650845607 0.23319027181688126
0 0.1541189307146754 0.9098712446351931 0.056192034915439164 0.16595135908440628
1 0.2891434806328423 0.9084406294706724 0.06764866339334424 0.17739628040057226
0 0.4950900163666121 0.8934191702432046 0.03000545553737043 0.2017167381974249
0 0.5968357883251499 0.8969957081545065 0.052373158756137475 0.19456366237482117
1 0.7375886524822695 0.8755364806866953 0.12984178941625749 0.2088698140200286
0 0.8439716312056736 0.8884120171673819 0.049099836333878884 0.1917024320457797
