0 0.09782608695652174 0.7416040100250626 0.04619565217391305 0.12832080200501253
1 0.2694746376811594 0.7463659147869675 0.09329710144927536 0.11478696741854637
0 0.8171422101449275 0.5922305764411028 0.06227355072463768 0.12230576441102757
0 0.8346920289855072 0.7023809523809523 0.04800724637681159 0.10651629072681704
0 0.31521739130434784 0.6235588972431078 0.06974637681159421 0.12631578947368421
0 0.5232110507246377 0.6027568922305764 0.06136775362318841 0.11578947368421053
0 0.1331521739130435 0.618922305764411 0.09057971014492754 0.14010025062656642
0 0.360054347826087 0.48370927318295737 0.05389492753623189 0.10977443609022557
0 0.5076992753623188 0.47844611528822056 0.030344202898550724 0.10526315789473684
0 0.6530797101449275 0.481077694235589 0.04710144927536232 0.10651629072681704
1 0.8058197463768116 0.4763157894736842 0.08310688405797101 0.10952380952380952
0 0.15726902173913043 0.5018796992481203 0.051856884057971016 0.11904761904761904
0 0.07653985507246377 0.3483709273182957 0.03759057971014493 0.08771929824561403
0 0.17459239130434784 0.3399749373433584 0.05661231884057971 0.09398496240601503
0 0.25815217391304346 0.3458646616541353 0.03306159420289855 0.11378446115288221
0 0.31148097826086957 0.34536340852130326 0.036005434782608696 0.10225563909774436
0 0.36571557971014496 0.3394736842105263 0.042572463768115944 0.09298245614035087
0 0.514266304347826 0.34160401002506263 0.06793478260869565 0.08872180451127819
0 0.6139039855072463 0.34786967418546366 0.05570652173913043 0.09072681704260652
0 0.7304121376811594 0.35100250626566415 0.05457427536231884 0.09298245614035087
0 0.8333333333333334 0.3458646616541353 0.06793478260869565 0.08671679197994987
0 0.11990489130434782 0.23095238095238094 0.08310688405797101 0.08446115288220551
0 0.3534873188405797 0.2231829573934837 0.08786231884057971 0.10651629072681704
0 0.42561141304347827 0.23145363408521302 0.050951086956521736 0.09398496240601503
0 0.542572463768116 0.22982456140350876 0.0661231884057971 0.09924812030075188
0 0.6426630434782609 0.22932330827067668 0.043478260869565216 0.07719298245614035
0 0.7356204710144928 0.2319548872180451 0.042346014492753624 0.07844611528822056
0 0.8586956521739131 0.23934837092731828 0.04528985507246377 0.08471177944862156
0 0.6431159420289855 0.13233082706766916 0.04800724637681159 0.07318295739348371
0 0.7581521739130435 0.13533834586466165 0.06702898550724638 0.07518796992481203
0 0.8454483695652174 0.1432330827067669 0.03781702898550725 0.07393483709273183
0 0.8917572463768116 0.13909774436090225 0.03759057971014493 0.07418546365914787
0 0.7454710144927537 0.04711779448621554 0.035778985507246376 0.07418546365914787
0 0.7959692028985508 0.045614035087719294 0.042572463768115944 0.07518796992481203
0 0.8436367753623188 0.04611528822055138 0.06046195652173913 0.06566416040100251
