0 0.21652761223678982 0.1698943661971831 0.03178386968613429 0.08392018779342723
0 0.5911799761620977 0.15434272300469484 0.04290822407628129 0.0715962441314554
0 0.7465236392530791 0.153462441314554 0.04211362733412793 0.0710093896713615
0 0.8388955105284068 0.1637323943661972 0.06158124751688518 0.08215962441314555
0 0.15911799761620976 0.32159624413145543 0.052046086611044894 0.11384976525821597
1 0.2578466428287644 0.31572769953051644 0.08581644815256258 0.12323943661971831
0 0.41934843067143424 0.31572769953051644 0.08303535955502582 0.11971830985915494
1 0.7040127135478744 0.2992957746478873 0.09614620580055622 0.11619718309859155
0 0.15236392530790624 0.5977112676056339 0.07508939213349225 0.11091549295774648
0 0.3843861740166865 0.5886150234741784 0.049662296384584824 0.11854460093896714
0 0.4382201032975765 0.5938967136150235 0.02542709574890743 0.12441314553990611
1 0.5361541517679778 0.5971244131455399 0.08780294000794597 0.12852112676056338
0 0.7451330949543107 0.5959507042253521 0.06714342471195868 0.12265258215962442
0 0.2649980135081446 0.7491197183098591 0.03972983710766786 0.13321596244131456
0 0.3234008740564164 0.7538145539906104 0.046881207787048074 0.13438967136150234
0 0.5297973778307509 0.7453051643192489 0.03853794199443782 0.13380281690140847
1 0.7854588796185935 0.7532276995305165 0.08025427095748908 0.13556338028169015
0 0.2143424711958681 0.9140258215962441 0.04886769964243146 0.14847417840375587
0 0.3822010329757648 0.9113849765258216 0.03257846642828764 0.15375586854460094
0 0.5546285260230434 0.9078638497652582 0.03972983710766786 0.15140845070422534
1 0.6968613428684942 0.9058098591549296 0.08184346444179579 0.1426056338028169
0 0.3528009535160906 0.062206572769953054 0.03178386968613429 0.08802816901408451
0 0.6023043305522447 0.06073943661971831 0.05959475566150179 0.09330985915492958
0 0.8770361541517679 0.061619718309859156 0.06714342471195868 0.107981220657277
