0 0.2195201037613489 0.08077709611451943 0.026588845654993514 0.10224948875255625
0 0.28955901426718544 0.08077709611451943 0.04474708171206226 0.07975460122699388
0 0.38975356679636836 0.07770961145194274 0.02464332036316472 0.08997955010224949
0 0.5606355382619974 0.07566462167689163 0.029182879377431907 0.07770961145194274
0 0.6011673151750972 0.06952965235173825 0.014267185473411154 0.08588957055214724
0 0.7097924773022048 0.07310838445807771 0.02788586251621271 0.08691206543967281
0 0.7775616083009079 0.0792433537832311 0.03242542153047989 0.07873210633946831
0 0.16342412451361868 0.2014314928425358 0.03372243839169909 0.07566462167689163
0 0.44779507133592733 0.17791411042944788 0.06939040207522698 0.09202453987730062
0 0.6335927367055771 0.17535787321063395 0.04928664072632944 0.09304703476482619
0 0.793450064850843 0.17944785276073622 0.03826199740596627 0.08895705521472394
0 0.20330739299610895 0.31748466257668717 0.026588845654993514 0.08077709611451943
0 0.3164721141374838 0.30368098159509205 0.01815823605706874 0.09202453987730062
0 0.38748378728923477 0.29907975460122704 0.014915693904020751 0.07873210633946831
0 0.4880025940337224 0.2965235173824131 0.016212710765239946 0.07975460122699388
0 0.5330739299610895 0.29294478527607365 0.03242542153047989 0.07668711656441718
0 0.7367055771725032 0.2939672801635992 0.041504539559014265 0.0950920245398773
0 0.8067444876783398 0.2862985685071575 0.020752269779507133 0.08588957055214724
0 0.11705577172503243 0.44222903885480574 0.03826199740596627 0.06850715746421268
0 0.19390402075226978 0.429959100204499 0.04539559014267185 0.09713701431492844
0 0.24837872892347598 0.4248466257668712 0.022049286640726327 0.07464212678936606
0 0.312905317769131 0.4233128834355829 0.02788586251621271 0.098159509202454
0 0.3988326848249027 0.4115541922290389 -0.01556420233463035 0.10122699386503069
0 0.7204928664072633 0.40439672801635995 0.05577172503242542 0.08895705521472394
0 0.17866407263294423 0.5587934560327199 0.048638132295719845 0.1114519427402863
0 0.45590142671854733 0.5526584867075666 0.03631647211413748 0.10122699386503069
0 0.5739299610894941 0.5424335378323109 0.04928664072632944 0.10122699386503069
0 0.7992866407263294 0.5414110429447854 0.03826199740596627 0.09918200408997956
0 0.7201686121919585 0.6789366053169735 0.04085603112840467 0.09202453987730062
0 0.29766536964980544 0.6871165644171779 0.04798962386511024 0.08793456032719837
0 0.8281452658884565 0.6881390593047035 0.03372243839169909 0.08997955010224949
0 0.19649805447470817 0.9079754601226995 0.041504539559014265 0.14110429447852763
0 0.43352788586251617 0.8982617586912066 0.05512321660181582 0.14008179959100206
0 0.8641374837872892 0.9023517382413089 0.04474708171206226 0.1339468302658487
