1 0.14959145191703332 0.07916666666666666 0.11439346323067254 0.12291666666666666
0 0.27875549968573227 0.071875 0.06725329981143935 0.09791666666666667
1 0.6118793211816468 0.0453125 0.05845380263984915 0.08645833333333333
0 0.6527341294783156 0.05572916666666666 0.035826524198617225 0.08229166666666667
1 0.8023255813953488 0.05677083333333333 0.07353865493400377 0.08229166666666667
1 0.19578881206788185 0.209375 0.0798240100565682 0.11458333333333333
0 0.32149591451917037 0.20625 0.034569453174104335 0.10833333333333334
0 0.42677561282212445 0.20885416666666667 0.056568196103079824 0.11145833333333333
0 0.5499685732243872 0.1953125 0.061596480201131364 0.11354166666666667
1 0.6913890634820867 0.18802083333333333 0.10559396605908233 0.103125
0 0.7617850408548084 0.190625 0.03016970458830924 0.1125
1 0.18604651162790697 0.36875 0.09553739786297927 0.11458333333333333
1 0.4974858579509742 0.3546875 0.1049654305468259 0.13854166666666667
0 0.6451917033312382 0.3359375 0.04714016341923319 0.15104166666666666
0 0.7397862979258328 0.34010416666666665 0.0666247642991829 0.11979166666666667
0 0.2928975487115022 0.5255208333333333 0.04274041483343809 0.11354166666666667
0 0.5697674418604651 0.49947916666666664 0.04714016341923319 0.121875
0 0.8654934003771213 0.5057291666666667 0.04274041483343809 0.14479166666666665
0 0.2231301068510371 0.6895833333333333 0.057825267127592714 0.13958333333333334
1 0.28881206788183533 0.6932291666666667 0.07605279698302954 0.13645833333333332
0 0.38654934003771213 0.6848958333333334 0.04399748585795098 0.13854166666666667
0 0.5015713387806411 0.6739583333333333 0.04022627278441232 0.14166666666666666
1 0.5945945945945946 0.6791666666666667 0.11187932118164677 0.14791666666666667
0 0.06348208673790069 0.8911458333333333 0.04399748585795098 0.128125
0 0.13104965430546825 0.8765625 0.03708359522313011 0.17604166666666665
1 0.3324952859836581 0.8807291666666667 0.11942174732872407 0.18645833333333334
1 0.4613450659962288 0.8932291666666666 0.12067881835323696 0.16354166666666667
1 0.5996228786926462 0.8994791666666666 0.09176618478944061 0.16770833333333332
