0 0.3076923076923077 0.1379585326953748 0.029304029304029304 0.2025518341307815
0 0.5512820512820513 0.11961722488038277 0.05860805860805861 0.19138755980861244
0 0.8214285714285714 0.10287081339712918 0.04700854700854701 0.17703349282296652
0 0.10927960927960928 0.3955342902711324 0.06593406593406594 0.21371610845295055
0 0.6315628815628815 0.3572567783094099 0.038461538461538464 0.18181818181818182
0 0.6175213675213675 0.620414673046252 0.040903540903540904 0.22009569377990432
0 0.8672161172161172 0.5877192982456141 0.06776556776556776 0.19936204146730463
0 0.07234432234432235 0.8923444976076556 0.06043956043956044 0.189792663476874
0 0.3232600732600733 0.8907496012759171 0.04945054945054945 0.20574162679425836
0 0.4139194139194139 0.8899521531100478 0.03540903540903541 0.15311004784688995
0 0.202991452991453 0.8931419457735247 0.057997557997558 0.20733652312599682
