0 0.12310344827586206 0.08685446009389672 0.035172413793103444 0.16901408450704225
0 0.20965517241379308 0.09507042253521127 0.034482758620689655 0.1807511737089202
0 0.3162068965517241 0.08215962441314555 0.035172413793103444 0.16901408450704225
0 0.39931034482758615 0.08098591549295775 0.039999999999999994 0.14788732394366197
0 0.45931034482758615 0.07629107981220658 0.034482758620689655 0.1431924882629108
0 0.5237931034482758 0.07629107981220658 0.03379310344827586 0.14788732394366197
0 0.07413793103448275 0.3532863849765258 0.031034482758620686 0.17605633802816903
0 0.1268965517241379 0.3474178403755869 0.03586206896551724 0.18309859154929578
0 0.21172413793103448 0.34507042253521125 0.03310344827586206 0.17370892018779344
0 0.2875862068965517 0.31572769953051644 0.034482758620689655 0.19014084507042253
0 0.3962068965517241 0.3380281690140845 0.031034482758620686 0.18779342723004694
0 0.46206896551724136 0.3274647887323944 0.04827586206896552 0.15258215962441316
0 0.543103448275862 0.33568075117370894 0.03379310344827586 0.17370892018779344
0 0.61 0.3204225352112676 0.035172413793103444 0.1807511737089202
0 0.7079310344827585 0.3251173708920188 0.0296551724137931 0.1572769953051643
0 0.7903448275862068 0.3286384976525822 0.03586206896551724 0.18309859154929578
0 0.07689655172413792 0.6326291079812206 0.026896551724137928 0.19014084507042253
0 0.14379310344827584 0.6220657276995305 0.03655172413793103 0.20657276995305165
0 0.2382758620689655 0.6091549295774648 0.032413793103448274 0.19483568075117372
0 0.2648275862068965 0.6044600938967136 0.020689655172413793 0.19483568075117372
0 0.38172413793103444 0.6056338028169014 0.04482758620689655 0.20187793427230047
0 0.44827586206896547 0.6068075117370892 0.04827586206896552 0.19953051643192488
0 0.5351724137931034 0.6103286384976526 0.05517241379310345 0.18779342723004694
0 0.5889655172413792 0.6091549295774648 0.037241379310344824 0.17605633802816903
0 0.6582758620689655 0.5974178403755869 0.035172413793103444 0.19014084507042253
0 0.693103448275862 0.5962441314553991 0.02896551724137931 0.1784037558685446
0 0.7410344827586206 0.5997652582159625 0.04344827586206896 0.19483568075117372
0 0.8210344827586207 0.6185446009389671 0.04758620689655172 0.19953051643192488
1 0.9037931034482758 0.5985915492957746 0.06551724137931034 0.18309859154929578
0 0.045172413793103446 0.9154929577464789 0.02275862068965517 0.1596244131455399
0 0.07241379310344827 0.9096244131455399 0.022068965517241378 0.17136150234741784
0 0.09758620689655172 0.903755868544601 0.026896551724137928 0.1784037558685446
0 0.1586206896551724 0.8931924882629109 0.03310344827586206 0.20422535211267606
1 0.21379310344827585 0.8720657276995305 0.05793103448275862 0.20422535211267606
0 0.2672413793103448 0.8908450704225352 0.032413793103448274 0.19014084507042253
0 0.3462068965517241 0.8943661971830986 0.027586206896551724 0.1784037558685446
0 0.42172413793103447 0.8990610328638498 0.046206896551724136 0.19248826291079812
0 0.5424137931034483 0.8802816901408451 0.032413793103448274 0.23004694835680753
0 0.6617241379310345 0.8744131455399061 0.05034482758620689 0.19953051643192488
0 0.8434482758620689 0.8814553990610329 0.03586206896551724 0.22769953051643194
