0 0.4735135135135135 0.11753371868978806 0.02918918918918919 0.19653179190751444
1 0.61 0.10115606936416185 0.06972972972972973 0.18304431599229287
0 0.7867567567567567 0.09633911368015415 0.04162162162162162 0.1811175337186898
1 0.8816216216216216 0.08574181117533719 0.055135135135135134 0.17148362235067438
0 0.4797297297297297 0.407514450867052 0.030810810810810812 0.18689788053949905
0 0.7364864864864865 0.37090558766859344 0.044864864864864865 0.1676300578034682
0 0.8056756756756757 0.3737957610789981 0.04162162162162162 0.16955684007707128
0 0.912972972972973 0.38439306358381503 0.02810810810810811 0.21772639691714835
0 0.08648648648648649 0.7071290944123314 0.022702702702702703 0.16570327552986513
0 0.20243243243243245 0.676300578034682 0.04810810810810811 0.23892100192678228
0 0.3664864864864865 0.6801541425818882 0.04432432432432432 0.16955684007707128
0 0.4548648648648649 0.6676300578034682 0.02972972972972973 0.20616570327552985
0 0.5513513513513514 0.661849710982659 0.03567567567567568 0.23699421965317918
0 0.6248648648648649 0.6705202312138728 0.04756756756756757 0.2003853564547206
1 0.7348648648648649 0.651252408477842 0.053513513513513515 0.2119460500963391
0 0.8291891891891892 0.6522157996146435 0.02810810810810811 0.18304431599229287
