0 0.1272028920018075 0.05601317957166392 0.019430637144148215 0.053816584294343765
0 0.21192950745594216 0.05299286106534871 0.057840036150022596 0.05985722130697419
0 0.29417080885675556 0.053816584294343765 0.0587437867148667 0.058209774848984076
0 0.3804789877993674 0.054914881933003847 0.06235878897424311 0.07468423942888523
0 0.43831902394939 0.05079626578802856 0.045187528242205156 0.05985722130697419
0 0.4954812471757795 0.048599670510708404 0.036601897876186174 0.0642504118616145
0 0.5811116131947582 0.047226798462383306 0.06145503840939901 0.0757825370675453
0 0.7094441934026209 0.057111477210324 0.05061003163126977 0.07248764415156507
0 0.7858111161319477 0.05656232839099396 0.04428377767736105 0.050521691378363535
1 0.8605964753727972 0.06342668863261944 0.06642566651604158 0.05985722130697419
0 0.08653411658382287 0.15101592531576058 0.03569814731134207 0.057111477210324
0 0.13895164934478085 0.1496430532674355 0.036601897876186174 0.06534870950027458
0 0.18685042928151832 0.14607358594179023 0.034794396746497966 0.07688083470620538
0 0.3052417532760958 0.14360241625480505 0.03840939900587438 0.08401976935749589
0 0.3377767736104835 0.14497528830313014 0.023045639403524627 0.07248764415156507
0 0.40194306371441485 0.1496430532674355 0.02394938996836873 0.06534870950027458
0 0.46068685042928154 0.14991762767710048 0.03750564844103028 0.07797913234486546
0 0.5325350203343877 0.15046677649643053 0.039313149570718485 0.07468423942888523
0 0.6730682331676457 0.15650741350906094 0.02394938996836873 0.07029104887424492
0 0.718481699051062 0.157056562328391 0.028920018075011298 0.0757825370675453
0 0.8705377315860823 0.16035145524437122 0.05738816086760055 0.0757825370675453
0 0.08653411658382287 0.25233388248215266 0.022141888838680526 0.07742998352553541
0 0.11387257117035698 0.25233388248215266 0.028920018075011298 0.07523338824821527
0 0.1439222774514234 0.2515101592531576 0.03750564844103028 0.0757825370675453
0 0.254179846362404 0.24739154310818232 0.03840939900587438 0.07962657880285558
0 0.4279258924536828 0.25919824272377817 0.029823768639855402 0.07248764415156507
0 0.6104835065521916 0.26578802855573863 0.031631269769543606 0.08017572762218561
0 0.6992769995481247 0.26578802855573863 0.051965657478535925 0.07358594179022515
0 0.245594215996385 0.356397583745195 0.05377315860822413 0.08896210873146623
0 0.35291459557162225 0.3657331136738056 0.0587437867148667 0.10543657331136738
0 0.4746949841843651 0.3640856672158155 0.039313149570718485 0.11092806150466776
0 0.561455038409399 0.3695771554091159 0.05106190691369182 0.09445359692476661
0 0.6613194758246724 0.3772652388797364 0.03569814731134207 0.09774848984074684
1 0.7618617261635788 0.3819330038440417 0.09760506100316313 0.09390444810543658
0 0.850655219159512 0.37506864360241626 0.03750564844103028 0.09555189456342669
0 0.920921825576141 0.3808347062053817 0.04338002711251695 0.09390444810543658
0 0.1043831902394939 0.49945085118066995 0.06326253953908721 0.08731466227347612
0 0.1999548124717578 0.5 0.058291911432444644 0.10269082921471719
0 0.28197017623136017 0.4989017023613399 0.02711251694532309 0.08182317408017573
0 0.33032083145051966 0.47775947281713343 0.04428377767736105 0.08896210873146623
0 0.420921825576141 0.4870950027457441 0.03750564844103028 0.10763316858868753
0 0.5210122006326254 0.5019220208676551 0.04157252598282874 0.11092806150466776
0 0.5734297333935834 0.4989017023613399 0.04066877541798464 0.1070840197693575
0 0.7028920018075011 0.6466227347611203 0.05106190691369182 0.13673805601317957
0 0.3960686850429282 0.7732015376166941 0.11613194758246724 0.10982976386600769
