1 0.2276064610866373 0.44843750000000004 0.0895741556534508 0.296875
0 0.48384728340675476 0.171875 0.08663729809104258 0.24375000000000002
0 0.7701908957415565 0.22187500000000002 0.07048458149779735 0.28750000000000003
1 0.8920704845814977 0.246875 0.08370044052863436 0.28750000000000003
0 0.552496328928047 0.5078125 0.05653450807635829 0.22187500000000002
0 0.7488986784140969 0.5359375000000001 0.04405286343612334 0.321875
0 0.9269456681350954 0.5750000000000001 0.046255506607929514 0.25
1 0.20741556534508077 0.7718750000000001 0.09324522760646108 0.25625000000000003
1 0.4673274596182085 0.8140625 0.09030837004405286 0.27187500000000003
0 0.7485315712187959 0.859375 0.053597650513950074 0.26875
