1 0.42447741065407957 0.06005056890012643 0.0856372218476062 0.11757269279393175
0 0.6780175320296696 0.07711757269279394 0.04383007417397168 0.11378002528445007
1 0.7653405259608901 0.09797724399494312 0.09979770734996628 0.14032869785082175
0 0.31726230613621037 0.20417193426042984 0.047875927174645984 0.13527180783817952
0 0.3796358732299393 0.20417193426042984 0.04989885367498314 0.12010113780025286
0 0.5883344571813891 0.2281921618204804 0.04652730950775455 0.11251580278128952
0 0.7993931220498989 0.2490518331226296 0.047875927174645984 0.12136536030341341
0 0.1992582602832097 0.3672566371681416 0.06271072151045179 0.1504424778761062
0 0.5343897505057316 0.3843236409608091 0.08968307484828052 0.15676359039190899
0 0.7339851652056641 0.39317319848293303 0.051921780175320294 0.14412136536030343
0 0.8304113283884019 0.40391908975979773 0.03978422117329737 0.168141592920354
1 0.9554956169925826 0.4140328697850822 0.07012811867835468 0.14538558786346398
0 0.11496965610249495 0.549936788874842 0.037086985839514496 0.1415929203539823
0 0.4251517194875253 0.5619469026548674 0.037086985839514496 0.1479140328697851
0 0.6968981793661497 0.5733249051833124 0.0856372218476062 0.15549936788874844
0 0.36918408631153066 0.7319848293299621 0.09238031018206339 0.14664981036662453
0 0.557316250842886 0.9222503160556259 0.04383007417397168 0.14285714285714288
0 0.775118004045853 0.929203539823009 0.07754551584625759 0.1365360303413401
