0 0.10126234906695938 0.2898773006134969 0.03787047200878156 0.12269938650306748
0 0.16136114160263448 0.10352760736196319 0.03512623490669594 0.18865030674846625
0 0.2810098792535675 0.25920245398773006 0.042810098792535674 0.11656441717791412
0 0.5908342480790341 0.2062883435582822 0.04884742041712404 0.11809815950920245
1 0.263172338090011 0.4424846625766871 0.08177826564215149 0.13957055214723926
0 0.3929747530186608 0.4041411042944785 0.034028540065861694 0.12730061349693253
0 0.5529637760702525 0.38496932515337423 0.041163556531284305 0.12576687116564417
0 0.743688254665203 0.38496932515337423 0.06366630076838639 0.147239263803681
0 0.15010976948408344 0.6633435582822086 0.045554335894621295 0.12423312883435583
0 0.25548847420417126 0.6388036809815951 0.059824368825466524 0.11809815950920245
1 0.32574094401756315 0.6288343558282209 0.075192096597146 0.12269938650306748
0 0.39654226125137215 0.6050613496932515 0.03896816684961581 0.11503067484662577
1 0.4596597145993414 0.6088957055214724 0.057628979143798026 0.12576687116564417
0 0.5367727771679474 0.6019938650306749 0.04061470911086718 0.11196319018404909
0 0.5965971459934138 0.5927914110429447 0.04720087815587267 0.1365030674846626
1 0.66794731064764 0.5797546012269938 0.08562019758507135 0.10429447852760737
0 0.7736004390779364 0.5736196319018405 0.043358946212952804 0.13190184049079756
0 0.8701975850713501 0.5467791411042945 0.03128430296377607 0.17024539877300615
0 0.9327661909989023 0.5567484662576687 0.03128430296377607 0.13803680981595093
0 0.9698133918770582 0.5598159509202454 0.024149286498353458 0.11042944785276074
0 0.0845225027442371 0.8888036809815951 0.026344676180021953 0.1365030674846626
0 0.13913282107574096 0.8573619631901841 0.033479692645444564 0.1441717791411043
1 0.19099890230515917 0.8619631901840491 0.05159165751920966 0.13803680981595093
0 0.27222832052689355 0.8397239263803681 0.025246981339187707 0.12116564417177915
0 0.3172338090010977 0.8274539877300614 0.025246981339187707 0.13957055214723926
0 0.3498902305159166 0.8335889570552147 0.019209659714599342 0.10889570552147239
0 0.39983534577387486 0.8282208588957055 0.02469813391877058 0.0950920245398773
0 0.4604829857299671 0.8243865030674847 0.027442371020856202 0.11196319018404909
0 0.5104281009879253 0.8006134969325154 0.04500548847420417 0.11349693251533742
0 0.5642151481888036 0.8059815950920246 0.01646542261251372 0.09969325153374234
0 0.6086717892425906 0.7791411042944786 0.0296377607025247 0.11349693251533742
0 0.6962129527991219 0.7845092024539877 0.03128430296377607 0.11809815950920245
0 0.774423710208562 0.7699386503067485 0.031833150384193196 0.1196319018404908
0 0.8633369923161361 0.7615030674846626 0.042810098792535674 0.1365030674846626
