0 0.3149625935162095 0.07846715328467153 0.06932668329177057 0.10036496350364964
0 0.6538653366583541 0.06113138686131386 0.04788029925187032 0.08394160583941605
0 0.20024937655860348 0.22764598540145983 0.043391521197007475 0.0885036496350365
0 0.3049875311720698 0.22627737226277372 0.05436408977556109 0.09854014598540145
0 0.46284289276807977 0.218978102189781 0.03291770573566084 0.09124087591240876
0 0.5339152119700747 0.2157846715328467 0.03640897755610972 0.0885036496350365
0 0.5930174563591022 0.2002737226277372 0.04189526184538653 0.09215328467153285
1 0.7912718204488778 0.1989051094890511 0.12718204488778054 0.10036496350364964
0 0.20922693266832917 0.38594890510948904 0.038403990024937655 0.0948905109489051
0 0.4054862842892768 0.37135036496350365 0.04389027431421446 0.0948905109489051
0 0.5324189526184538 0.3699817518248175 0.02543640897755611 0.09762773722627736
0 0.8059850374064838 0.35583941605839414 0.0428927680798005 0.10036496350364964
0 0.24688279301745633 0.5456204379562044 0.04488778054862842 0.11496350364963503
0 0.44638403990024933 0.5323905109489051 0.040897755610972565 0.11222627737226278
0 0.6167082294264339 0.520985401459854 0.037406483790523685 0.11678832116788321
0 0.7199501246882792 0.5177919708029197 0.037406483790523685 0.14142335766423358
0 0.8374064837905236 0.5141423357664233 0.04488778054862842 0.10857664233576642
0 0.22344139650872816 0.7239963503649635 0.04189526184538653 0.13047445255474452
0 0.40972568578553614 0.718978102189781 0.05236907730673317 0.08941605839416059
1 0.6456359102244389 0.6852189781021898 0.09027431421446383 0.12956204379562045
0 0.06683291770573566 0.9151459854014599 0.06184538653366583 0.13686131386861314
0 0.27506234413965086 0.9151459854014599 0.030423940149625933 0.12956204379562045
0 0.3703241895261845 0.9137773722627737 0.06633416458852867 0.13412408759124086
0 0.570573566084788 0.9023722627737226 0.04389027431421446 0.12591240875912407
0 0.6468827930174563 0.8927919708029197 0.04788029925187032 0.13959854014598538
0 0.724438902743142 0.8886861313868613 0.018453865336658354 0.1551094890510949
0 0.7733167082294263 0.8827554744525548 0.031421446384039896 0.1614963503649635
0 0.8965087281795511 0.677463503649635 0.05536159600997506 0.15967153284671531
