1 0.11517548195748886 0.20757363253856942 0.07711319822046465 0.22159887798036465
0 0.2852199703410776 0.2082748948106592 0.0731586752347998 0.22300140252454417
1 0.5714285714285714 0.19424964936886396 0.08897676717745921 0.2005610098176718
0 0.7115669797330696 0.20757363253856942 0.05190311418685121 0.19074333800841514
0 0.7886801779535343 0.20546984572230015 0.04003954522985664 0.2370266479663394
1 0.11468116658428076 0.5182328190743338 0.10380622837370242 0.211781206171108
0 0.2375185368264953 0.5112201963534362 0.05190311418685121 0.21739130434782608
1 0.46243203163618385 0.4992987377279102 0.0954028670291646 0.25245441795231416
0 0.7081067721206129 0.4978962131837307 0.06772120612951062 0.24123422159887797
0 0.9293129016312407 0.5 0.06129510627780523 0.273492286115007
0 0.2019278299555116 0.8281907433380084 0.06870983687592684 0.29032258064516125
0 0.5247157686604053 0.8408134642356241 0.05388037567968363 0.28471248246844316
0 0.8912506178942164 0.8548387096774194 0.046465645081562035 0.2538569424964937
