0 0.09674081738230729 0.10819327731092436 0.04138644593895499 0.1995798319327731
0 0.119762027935851 0.3686974789915966 0.0553543714433523 0.18277310924369747
0 0.42291774443869634 0.3224789915966386 0.04397309881013968 0.21218487394957983
0 0.5175892395240559 0.2930672268907563 0.04190377651319193 0.1869747899159664
0 0.660631143300569 0.2773109243697479 0.05069839627521987 0.19747899159663865
0 0.26461458872219346 0.6260504201680672 0.03776513191929643 0.18907563025210083
0 0.545266425245732 0.592436974789916 0.05173305742369374 0.15126050420168066
0 0.809622348680807 0.5567226890756303 0.04862907397827211 0.23529411764705882
1 0.3727366787377134 0.917016806722689 0.07915157785825142 0.14915966386554622
1 0.6686497672012416 0.907563025210084 0.0801862390067253 0.15546218487394958
