0 0.2749367088607595 0.18047337278106507 0.026329113924050636 0.10397295012679628
0 0.4643037974683545 0.17751479289940827 0.024303797468354434 0.09805579036348266
1 0.6579746835443039 0.1754015215553677 0.05721518987341773 0.08537616229923922
1 0.6010126582278481 0.03550295857988166 0.055696202531645575 0.06931530008453085
0 0.3007594936708861 0.04311073541842772 0.043544303797468355 0.08284023668639053
0 0.8681012658227849 0.1669484361792054 0.04911392405063292 0.08875739644970414
0 0.8883544303797469 0.03381234150464919 0.05417721518987342 0.05917159763313609
0 0.11240506329113925 0.3478444632290786 0.020253164556962026 0.0904480135249366
0 0.1640506329113924 0.34404057480980554 0.042531645569620254 0.10312764158918004
0 0.30050632911392405 0.33474218089602703 0.07139240506329114 0.10989010989010989
1 0.40151898734177216 0.33474218089602703 0.054683544303797474 0.10989010989010989
0 0.4891139240506329 0.32079459002535926 0.03746835443037975 0.11411665257819104
0 0.5739240506329114 0.29923922231614536 0.05012658227848102 0.13186813186813187
0 0.6982278481012658 0.30726965342349954 0.03848101265822785 0.10566356720202874
0 0.8369620253164557 0.30980557903634826 0.04658227848101266 0.11580726965342349
0 0.9382278481012659 0.30769230769230765 0.04556962025316456 0.12003381234150465
0 0.37822784810126586 0.4814032121724429 0.03949367088607595 0.11411665257819104
0 0.3759493670886076 0.6559594251901943 0.05417721518987342 0.11834319526627218
0 0.7660759493670887 0.8279797125950972 0.055696202531645575 0.1834319526627219
