0 0.3284883720930233 0.11647727272727273 0.030361757105943153 0.18181818181818182
1 0.4192506459948321 0.10795454545454546 0.05555555555555556 0.17613636363636365
1 0.5914082687338501 0.07528409090909091 0.040697674418604654 0.15056818181818182
1 0.2968346253229974 0.3778409090909091 0.08204134366925064 0.1875
1 0.42861757105943155 0.33948863636363635 0.053617571059431525 0.1903409090909091
0 0.6857235142118864 0.34232954545454547 0.029069767441860465 0.20170454545454547
0 0.13921188630490958 0.7017045454545455 0.04198966408268734 0.21022727272727273
0 0.41795865633074936 0.6448863636363636 0.050387596899224806 0.20454545454545456
0 0.7151162790697675 0.578125 0.04005167958656331 0.23579545454545456
0 0.47125322997416025 0.9232954545454546 0.03294573643410853 0.14204545454545456
0 0.9186046511627908 0.8849431818181819 0.031007751937984496 0.1846590909090909
